-407.000000 -547.000000 198.000000, 776.000000 -958.000000 -545.000000, -505.000000 -731.000000 880.000000, -278.000000 512.000000 -662.000000, -471.000000 534.000000 -533.000000, 470.000000 414.000000 676.000000, -379.000000 -569.000000 110.000000, -403.000000 -778.000000 871.000000, 733.000000 -917.000000 -517.000000, -267.000000 416.000000 -631.000000, 
-478.110199 -594.775330 173.499847, 857.973267 -927.298462 -723.770569, -515.149475 -765.888123 878.486633, -288.521606 499.532227 -675.814941, -437.042206 533.499084 -491.363281, 39.498154 551.000061 655.417969, -457.230194 -609.826843 87.533905, -429.967316 -792.770203 874.268860, 765.345276 -467.037384 -323.903259, -282.636414 412.773132 -659.438049, 
-473.229248 -598.481506 169.527496, 847.637024 -910.501709 -680.979675, -520.007141 -769.276733 877.955933, -286.492401 500.554504 -672.944641, -435.182129 530.704407 -506.382172, 35.576382 552.114441 654.071350, -458.630524 -608.819824 81.516861, -431.322662 -786.530151 875.333191, 741.267334 -245.543259 -214.594971, -283.316376 411.638031 -664.980408, 
-470.241150 -600.523621 167.400696, 847.604858 -909.887451 -679.998169, -522.632996 -772.291443 877.230042, -284.749878 500.739960 -670.927368, -434.442963 530.452026 -507.182251, 35.576382 552.114441 654.071350, -460.248566 -607.734985 78.167480, -432.133545 -782.476624 876.245117, 740.087769 -239.405106 -211.941772, -283.487061 410.984283 -668.775696, 
-468.238312 -601.967651 166.095184, 847.604858 -909.887451 -679.998169, -524.024841 -774.759460 876.444763, -284.145050 500.846313 -669.180420, -434.393707 530.401306 -507.244629, 35.576382 552.114441 654.071350, -461.679810 -606.703308 76.219261, -432.688843 -779.637634 877.097839, 740.087769 -239.405106 -211.941772, -283.957703 410.812836 -670.655396, 
-467.113708 -602.574829 165.368225, 847.604858 -909.887451 -679.998169, -524.534424 -776.388428 876.058838, -283.912201 500.865204 -668.078979, -434.420746 530.398438 -507.216919, 35.576382 552.114441 654.071350, -462.599304 -606.228333 75.277229, -432.924744 -777.901611 877.494019, 740.087769 -239.405106 -211.941772, -284.237701 410.799286 -671.709106, 
-466.293213 -602.960022 165.085480, 847.604858 -909.887451 -679.998169, -524.911987 -777.412231 875.790833, -283.761444 500.799530 -667.249329, -434.464905 530.408020 -507.174103, 35.576382 552.114441 654.071350, -463.334564 -605.894348 74.882957, -433.238464 -776.840698 877.757690, 740.087769 -239.405106 -211.941772, -284.469391 410.759308 -672.456726, 
-465.646454 -603.185364 164.935013, 847.604858 -909.887451 -679.998169, -525.024414 -777.958862 875.707825, -283.819458 500.893524 -666.473572, -434.512299 530.433777 -507.120209, 35.576382 552.114441 654.071350, -463.933472 -605.693115 74.674301, -433.350098 -776.284546 877.837524, 740.087769 -239.405106 -211.941772, -284.515259 410.932098 -673.112976, 
-465.215363 -603.279602 164.763672, 847.604858 -909.887451 -679.998169, -525.096985 -778.398743 875.558289, -283.790863 500.803375 -665.926575, -434.539001 530.431152 -507.092743, 35.576382 552.114441 654.071350, -464.336945 -605.613159 74.485039, -433.440643 -775.840515 877.985657, 740.087769 -239.405106 -211.941772, -284.592590 410.888336 -673.624268, 
-464.909851 -603.382446 164.719330, 847.604858 -909.887451 -679.998169, -525.173096 -778.650024 875.591492, -283.762970 500.758575 -665.494263, -434.539001 530.431152 -507.092743, 35.576382 552.114441 654.071350, -464.627319 -605.517700 74.429344, -433.527496 -775.590576 877.947693, 740.087769 -239.405106 -211.941772, -284.620880 410.913574 -674.061584, 
-464.711609 -603.491272 164.682053, 847.604858 -909.887451 -679.998169, -525.270874 -778.794861 875.609619, -283.898712 500.711273 -665.077148, -434.556213 530.439636 -507.076324, 35.576382 552.114441 654.071350, -464.816437 -605.415588 74.386490, -433.633423 -775.451355 877.924133, 740.087769 -239.405106 -211.941772, -284.516846 410.937714 -674.446594, 
-464.511597 -603.557983 164.673492, 847.604858 -909.887451 -679.998169, -525.327942 -778.920227 875.620850, -284.030945 500.635132 -664.718079, -434.566040 530.434509 -507.067474, 35.576382 552.114441 654.071350, -465.007599 -605.352234 74.375053, -433.698517 -775.329773 877.909729, 740.087769 -239.405106 -211.941772, -284.397919 410.911896 -674.804688, 
-464.458405 -603.585449 164.653412, 847.604858 -909.887451 -679.998169, -525.346680 -778.948364 875.599854, -284.201965 500.655548 -664.428772, -434.574493 530.433044 -507.058075, 35.576382 552.114441 654.071350, -465.058685 -605.326721 74.355003, -433.720490 -775.303101 877.929871, 740.087769 -239.405106 -211.941772, -284.241455 410.980499 -675.071594, 
-464.410919 -603.612061 164.653641, 847.604858 -909.887451 -679.998169, -525.366394 -778.968079 875.603210, -284.333191 500.630432 -664.233459, -434.603119 530.427246 -507.032806, 35.576382 552.114441 654.071350, -465.104126 -605.301331 74.354782, -433.741547 -775.284973 877.925415, 740.087769 -239.405106 -211.941772, -284.152008 410.957611 -675.224121, 
-464.380066 -603.612000 164.632889, 847.604858 -909.887451 -679.998169, -525.376648 -778.966919 875.605347, -284.427734 500.640381 -664.131165, -434.621735 530.414246 -507.013763, 35.576382 552.114441 654.071350, -465.133972 -605.302063 74.335365, -433.751617 -775.286865 877.922791, 740.087769 -239.405106 -211.941772, -284.085938 410.946716 -675.300598, 
-464.362030 -603.601624 164.622299, 847.604858 -909.887451 -679.998169, -525.397705 -778.966736 875.630493, -284.523773 500.669312 -663.983582, -434.630432 530.414856 -507.005035, 35.576382 552.114441 654.071350, -465.151398 -605.312378 74.325867, -433.771301 -775.288757 877.896545, 740.087769 -239.405106 -211.941772, -284.005096 411.002441 -675.422607, 
-464.362030 -603.601624 164.622299, 847.604858 -909.887451 -679.998169, -525.427734 -779.000916 875.662476, -284.592804 500.675446 -663.887146, -434.640106 530.414978 -506.997192, 35.576382 552.114441 654.071350, -465.151398 -605.312378 74.325867, -433.802368 -775.257019 877.863037, 740.087769 -239.405106 -211.941772, -283.949432 411.022400 -675.498352, 
-464.362030 -603.601624 164.622299, 847.604858 -909.887451 -679.998169, -525.448547 -779.009094 875.694275, -284.618591 500.678223 -663.832092, -434.640106 530.414978 -506.997192, 35.576382 552.114441 654.071350, -465.151398 -605.312378 74.325867, -433.822235 -775.250427 877.830200, 740.087769 -239.405106 -211.941772, -283.923492 411.039459 -675.551453, 
-464.362030 -603.601624 164.622299, 847.604858 -909.887451 -679.998169, -525.479553 -779.019592 875.727234, -284.640564 500.729156 -663.778503, -434.650055 530.405090 -506.987671, 35.576382 552.114441 654.071350, -465.151398 -605.312378 74.325867, -433.852325 -775.242493 877.795898, 740.087769 -239.405106 -211.941772, -283.915344 411.073792 -675.581848, 
-464.362030 -603.601624 164.622299, 847.604858 -909.887451 -679.998169, -525.489868 -779.022888 875.738464, -284.675659 500.756653 -663.761047, -434.650055 530.405090 -506.987671, 35.576382 552.114441 654.071350, -465.151398 -605.312378 74.325867, -433.862335 -775.239990 877.784180, 740.087769 -239.405106 -211.941772, -283.880432 411.105621 -675.591675, 
-464.362030 -603.601624 164.622299, 847.604858 -909.887451 -679.998169, -525.500244 -779.018250 875.735535, -284.689148 500.772339 -663.729065, -434.650055 530.405090 -506.987671, 35.576382 552.114441 654.071350, -465.151398 -605.312378 74.325867, -433.872375 -775.245483 877.786682, 740.087769 -239.405106 -211.941772, -283.867188 411.129486 -675.618652, 
-464.362030 -603.601624 164.622299, 847.604858 -909.887451 -679.998169, -525.500244 -779.018250 875.735535, -284.712952 500.785187 -663.676453, -434.650055 530.405090 -506.987671, 35.576382 552.114441 654.071350, -465.151398 -605.312378 74.325867, -433.872375 -775.245483 877.786682, 740.087769 -239.405106 -211.941772, -283.843597 411.156189 -675.666382, 
-464.362030 -603.601624 164.622299, 847.604858 -909.887451 -679.998169, -525.500244 -779.018250 875.735535, -284.697815 500.807922 -663.619995, -434.650055 530.405090 -506.987671, 35.576382 552.114441 654.071350, -465.151398 -605.312378 74.325867, -433.872375 -775.245483 877.786682, 740.087769 -239.405106 -211.941772, -283.859375 411.192780 -675.715210, 
-464.362030 -603.601624 164.622299, 847.604858 -909.887451 -679.998169, -525.500244 -779.018250 875.735535, -284.691010 500.833527 -663.585876, -434.650055 530.405090 -506.987671, 35.576382 552.114441 654.071350, -465.151398 -605.312378 74.325867, -433.872375 -775.245483 877.786682, 740.087769 -239.405106 -211.941772, -283.866760 411.226471 -675.741516, 
-464.362030 -603.601624 164.622299, 847.604858 -909.887451 -679.998169, -525.500244 -779.018250 875.735535, -284.715729 500.848633 -663.550720, -434.650055 530.405090 -506.987671, 35.576382 552.114441 654.071350, -465.151398 -605.312378 74.325867, -433.872375 -775.245483 877.786682, 740.087769 -239.405106 -211.941772, -283.842316 411.250885 -675.771423, 
-464.362030 -603.601624 164.622299, 847.604858 -909.887451 -679.998169, -525.500244 -779.018250 875.735535, -284.748352 500.871857 -663.502197, -434.650055 530.405090 -506.987671, 35.576382 552.114441 654.071350, -465.151398 -605.312378 74.325867, -433.872375 -775.245483 877.786682, 740.087769 -239.405106 -211.941772, -283.810211 411.286926 -675.811951, 
-464.362030 -603.601624 164.622299, 847.604858 -909.887451 -679.998169, -525.500244 -779.018250 875.735535, -284.786804 500.865112 -663.459167, -434.659637 530.399597 -506.978699, 35.576382 552.114441 654.071350, -465.151398 -605.312378 74.325867, -433.872375 -775.245483 877.786682, 740.087769 -239.405106 -211.941772, -283.785370 411.271362 -675.843689, 
-464.362030 -603.601624 164.622299, 847.604858 -909.887451 -679.998169, -525.500244 -779.018250 875.735535, -284.852295 500.903381 -663.345581, -434.668579 530.391602 -506.968628, 35.576382 552.114441 654.071350, -465.151398 -605.312378 74.325867, -433.872375 -775.245483 877.786682, 740.087769 -239.405106 -211.941772, -283.735870 411.314636 -675.934692, 
-464.362030 -603.601624 164.622299, 847.604858 -909.887451 -679.998169, -525.500244 -779.018250 875.735535, -284.911957 500.896332 -663.246094, -434.675934 530.397461 -506.959656, 35.576382 552.114441 654.071350, -465.151398 -605.312378 74.325867, -433.872375 -775.245483 877.786682, 740.087769 -239.405106 -211.941772, -283.694916 411.336426 -676.014771, 
-464.362030 -603.601624 164.622299, 847.604858 -909.887451 -679.998169, -525.500244 -779.018250 875.735535, -284.942352 500.876373 -663.209839, -434.683167 530.399109 -506.949799, 35.576382 552.114441 654.071350, -465.151398 -605.312378 74.325867, -433.872375 -775.245483 877.786682, 740.087769 -239.405106 -211.941772, -283.682617 411.320251 -676.041687, 
-464.362030 -603.601624 164.622299, 847.604858 -909.887451 -679.998169, -525.500244 -779.018250 875.735535, -284.957764 500.873749 -663.192932, -434.683167 530.399109 -506.949799, 35.576382 552.114441 654.071350, -465.151398 -605.312378 74.325867, -433.872375 -775.245483 877.786682, 740.087769 -239.405106 -211.941772, -283.667175 411.322876 -676.058716, 
-464.362030 -603.601624 164.622299, 847.604858 -909.887451 -679.998169, -525.500244 -779.018250 875.735535, -284.963928 500.861877 -663.180969, -434.683167 530.399109 -506.949799, 35.576382 552.114441 654.071350, -465.151398 -605.312378 74.325867, -433.872375 -775.245483 877.786682, 740.087769 -239.405106 -211.941772, -283.660706 411.315002 -676.073486, 
-464.362030 -603.601624 164.622299, 847.604858 -909.887451 -679.998169, -525.500244 -779.018250 875.735535, -284.963928 500.861877 -663.180969, -434.683167 530.399109 -506.949799, 35.576382 552.114441 654.071350, -465.151398 -605.312378 74.325867, -433.872375 -775.245483 877.786682, 740.087769 -239.405106 -211.941772, -283.660706 411.315002 -676.073486, 
