-196 -279 750 2
-431 -209 -457 1
-388 -495 873 2
-521 -472 -552 1
265 103 -351 0
510 276 -596 0
-280 -380 -418 1
-648 -314 -458 1
136 20 -455 0
545 296 -628 0
127 -55 -234 0
237 98 -172 0
237 -109 -359 0
-647 -610 746 2
-646 -372 636 2
-321 -605 485 2
569 71 -199 0
-326 -268 -617 1
-329 -137 -533 1
-421 -353 -546 1
326 62 -488 0
288 -16 -218 0
-496 -50 -542 1
-413 -83 -463 1
-399 -234 -444 1
-525 -466 -546 1
-632 -703 792 2
-350 -93 -569 1
148 186 -303 0
-327 -104 -490 1
-382 -400 -597 1
-363 -469 653 2
546 78 -233 0
78 168 10 0
-576 -205 -693 1
-561 -699 655 2
-221 -321 685 2
278 169 -251 0
141 300 -527 0
522 97 -299 0
-699 -423 -763 1
569 -44 -548 0
-619 -99 -501 1
312 113 -364 0
-471 -732 743 2
-194 -659 445 2
-371 -75 -591 1
-630 -501 -527 1
549 156 -180 0
325 -74 -514 0
366 -38 -366 0
504 -91 -561 0
297 11 -452 0
497 182 -466 0
-565 -190 -375 1
-536 -485 -665 1
-356 -583 910 2
-655 -621 522 2
-585 -478 586 2
293 -149 -513 0
-608 -471 893 2
-599 -470 406 2
-575 -284 -760 1
426 -4 -441 0
-662 -435 -687 1
-581 -425 -792 1
-280 317 498 2
-507 -535 493 2
450 -7 -286 0
-223 -619 725 2
307 239 -209 0
477 -55 -241 0
-645 -318 465 2
-454 -280 549 2
174 -130 -536 0
-684 -321 -668 1
-440 -649 613 2
-735 -486 -337 1
-588 -688 904 2
-217 -672 490 2
-518 -461 582 2
-439 -698 539 2
-604 -713 610 2
-516 -472 482 2
-615 -571 682 2
618 -542 -335 0
-491 -533 795 2
-323 -650 765 2
-574 -354 664 2
554 5 -318 0
-545 -477 743 2
-461 -387 493 2
-443 -222 -416 1
208 207 -543 0
-307 -341 -421 1
-333 -404 -773 1
-44 -160 -505 0
438 249 -330 0
-556 -435 502 2
-648 -302 -575 1
-207 -731 758 2
-451 -309 -786 1
456 -156 -232 0
-254 -413 733 2
-599 -219 -597 1
-374 -560 877 2
-417 -414 869 2
261 -54 -581 0
-202 -421 715 2
285 117 -325 0
-550 -475 551 2
147 128 -611 0
-219 -309 734 2
251 91 -180 0
-429 -276 476 2
187 144 -455 0
571 155 -206 0
-536 -293 -401 1
-333 -388 -789 1
547 239 -336 0
-513 -251 -423 1
-378 -533 784 2
-547 -247 -372 1
-520 -270 -752 1
-394 -495 805 2
-512 -483 874 2
227 300 -258 0
-679 -459 -482 1
-547 -686 652 2
-494 -560 863 2
-387 -226 -713 1
361 107 -336 0
-374 -632 459 2
-557 -82 -339 1
203 108 -173 0
398 225 -348 0
-505 -342 711 2
418 281 -393 0
328 -47 -446 0
-376 -357 -416 1
-370 -119 -443 1
482 225 -335 0
-642 -137 -685 1
559 -112 -213 0
-316 -89 -705 1
557 218 -243 0
-599 -282 -347 1
148 -86 -471 0
-529 -394 -597 1
-579 -195 -410 1
577 -120 -518 0
401 4 -455 0
-515 -136 -713 1
-653 -146 -761 1
-470 -326 -449 1
523 291 -535 0
-344 211 -454 1
260 89 -374 0
275 -6 -545 0
-707 -482 -512 1
405 105 -204 0
-724 -210 -462 1
-524 -135 -558 1
341 278 -324 0
342 84 -230 0
-500 -234 -415 1
-438 -221 -652 1
-636 -54 -520 1
229 299 -431 0
-205 -599 815 2
123 296 -515 0
-315 -313 513 2
-276 -484 782 2
523 -91 -225 0
-270 -623 669 2
554 236 -480 0
534 264 -201 0
352 212 -272 0
128 -129 -536 0
-513 -277 879 2
-355 -284 -791 1
277 183 -353 0
-699 -370 -496 1
-591 -574 449 2
-436 -353 761 2
-584 -545 830 2
536 -105 -503 0
-648 -286 -408 1
-390 -667 638 2
-594 -281 529 2
-508 -356 -629 1
-566 -88 -427 1
533 32 -501 0
145 115 -393 0
316 214 -416 0
-452 -402 758 2
122 300 -293 0
284 -64 -322 0
558 23 -339 0
-383 -394 479 2
281 89 -496 0
-223 -304 827 2
358 -57 -360 0
-490 -498 465 2
149 -11 -526 0
217 207 -251 0
510 272 -200 0
538 -14 -454 0
-697 -353 -520 1
-459 -407 706 2
311 185 -537 0
209 305 -180 0
355 43 -209 0
-569 -449 748 2
-408 -635 813 2
-682 -394 -412 1
-612 -644 787 2
-245 -654 525 2
-623 -48 -556 1
-567 -264 698 2
457 286 -342 0
574 -130 -229 0
-240 -695 725 2
-521 -261 -714 1
476 -46 -453 0
160 217 -170 0
-197 -659 879 2
323 -63 -466 0
-468 -288 724 2
-734 -189 -404 1
159 84 -613 0
361 -159 -219 0
-431 -637 695 2
-554 -413 622 2
398 35 -226 0
-377 -464 -722 1
126 105 -209 0
-422 -376 507 2
-374 -356 -577 1
-668 -375 -339 1
359 127 -531 0
-584 -498 852 2
311 202 -455 0
502 -56 -413 0
-387 -527 841 2
543 -29 -580 0
-447 -178 -596 1
476 -105 -534 0
-448 -650 616 2
-439 -620 835 2
-437 -500 -382 1
190 -82 -253 0
-344 -197 -738 1
-270 -535 779 2
453 151 -595 0
-502 -725 796 2
-709 -208 -506 1
262 -118 -315 0
-356 -410 -650 1
375 -84 -197 0
-320 -452 699 2
-300 -485 612 2
-687 -151 -486 1
292 197 -404 0
549 16 -241 0
280 209 -520 0
458 196 620 0
465 151 -565 0
-537 -422 -403 1
-468 -55 -343 1
451 0 -516 0
377 -51 -603 0
552 53 -511 0
516 25 -410 0
112 -107 -395 0
-390 -382 -728 1
-681 -267 -723 1
-377 -230 -785 1
-654 -437 -676 1
-279 -333 -761 1
352 163 -328 0
-717 -166 -373 1
195 191 -498 0
516 144 -560 0
191 211 -619 0
-450 -506 446 2
-239 -378 552 2
-731 -78 -386 1
-234 -494 807 2
-583 -319 -524 1
562 258 -449 0
-282 -334 875 2
-264 -653 772 2
553 115 -533 0
369 67 -598 0
-583 -707 759 2
-528 -172 -590 1
-402 -235 -772 1
-501 -99 -499 1
-654 -405 -362 1
-652 -52 -479 1
-246 -564 595 2
389 -108 -540 0
-637 -653 623 2
-724 -73 -461 1
182 200 -626 0
590 455 405 0
-686 -357 -398 1
-640 -572 648 2
-284 -438 790 2
-411 -509 823 2
-589 -680 717 2
-541 -662 789 2
412 138 -213 0
-492 -480 -364 1
-516 -165 -579 1
-316 -664 590 2
419 59 -558 0
-238 -701 766 2
-223 -543 899 2
-342 -165 -751 1
512 47 -348 0
519 -11 -276 0
-262 -585 733 2
-309 -374 -394 1
299 252 -626 0
-395 -709 796 2
-486 -310 -524 1
-445 -637 503 2
359 -24 -176 0
-513 365 67 1
-468 -647 524 2
266 -22 -474 0
-551 -279 640 2
-350 -405 -364 1
300 22 -562 0
-497 -278 874 2
317 -35 -499 0
-335 -289 -349 1
-458 -638 898 2
314 591 614 0
-402 -353 569 2
550 277 -326 0
141 34 -560 0
404 -155 -477 0
-654 -286 -662 1
129 91 -258 0
-687 -63 -716 1
-472 -259 -389 1
-421 -420 733 2
-570 -380 897 2
288 48 -444 0
-477 -114 -686 1
-569 -719 639 2
187 152 -332 0
-537 -581 701 2
-352 -147 -414 1
172 12 -167 0
408 -51 -279 0
-546 -706 822 2
449 212 -435 0
366 243 -404 0
463 -3 -512 0
445 81 -440 0
-550 -501 -595 1
-563 -452 712 2
205 80 -347 0
-422 -735 604 2
357 156 -430 0
-409 -408 -690 1
-510 -484 445 2
203 83 -348 0
-400 -198 -394 1
-401 -404 789 2
214 218 -547 0
342 146 -611 0
-208 -678 574 2
-269 -290 696 2
135 181 -251 0
-311 -351 864 2
-452 -449 577 2
-578 -619 790 2
-491 -540 822 2
114 -75 -169 0
-346 -457 653 2
-281 -469 669 2
-678 -221 -664 1
-349 -738 865 2
466 49 -594 0
-682 -122 -405 1
259 237 -402 0
-318 -180 -478 1
-275 -318 776 2
39 615 -400 0
315 61 -299 0
-635 -654 862 2
-532 -99 -647 1
-647 -369 -506 1
408 267 -626 0
544 -134 -359 0
-633 -437 873 2
-565 -583 496 2
-637 -591 479 2
326 292 -352 0
138 242 -613 0
-549 -242 -642 1
-481 -537 490 2
-719 -90 -359 1
-209 -549 616 2
-367 -504 -513 1
-474 -657 718 2
-579 -311 523 2
459 -134 -520 0
-323 -452 486 2
-629 -429 666 2
231 184 -478 0
-199 -476 837 2
418 168 -624 0
-422 -334 276 2
-431 -470 -564 1
-499 -330 602 2
-617 -676 471 2
272 172 -387 0
308 -131 -175 0
-446 -673 456 2
333 27 -338 0
-668 -439 -409 1
176 -31 -362 0
-264 -315 642 2
-542 -282 -597 1
-473 -303 -509 1
325 282 -511 0
-481 -732 752 2
162 159 -518 0
-614 -346 445 2
568 199 -626 0
-262 -456 905 2
276 -102 -554 0
-347 -414 678 2
549 136 -380 0
-449 -137 -772 1
-539 -178 -692 1
-374 -205 -416 1
536 257 -250 0
-351 -445 -575 1
-559 -244 -786 1
399 169 -417 0
-464 -127 -713 1
-626 -569 684 2
-496 -722 505 2
158 -121 -416 0
-636 -449 -424 1
228 53 -332 0
393 216 -519 0
-732 -176 -526 1
-327 -458 -614 1
-292 -717 598 2
-449 -732 694 2
-401 -454 -737 1
-413 -235 -500 1
-351 -293 629 2
-586 -645 848 2
380 103 -312 0
-495 -368 704 2
-541 -80 -728 1
-503 -452 697 2
-291 -538 654 2
-555 -381 -681 1
-431 -430 610 2
-645 -355 534 2
526 -104 -303 0
516 -11 -334 0
539 136 -426 0
-313 -103 -652 1
-471 -107 -554 1
-352 -447 -611 1
-660 -275 -777 1
393 -19 -184 0
197 -123 -450 0
-478 -329 782 2
-457 -511 560 2
-644 -598 636 2
-273 -612 644 2
-324 -501 -666 1
-391 -445 820 2
-420 -601 821 2
-622 -250 -494 1
560 249 -436 0
-314 -476 670 2
-226 -550 732 2
-285 -206 -393 1
-510 -469 798 2
313 61 -485 0
452 -78 -315 0
-272 -597 768 2
446 255 -180 0
180 11 -587 0
-579 -639 659 2
-499 -408 732 2
-487 -634 892 2
-407 -407 -562 1
441 259 -531 0
457 201 -285 0
-619 -304 -536 1
479 246 -372 0
-726 -131 -642 1
-286 -488 -388 1
115 505 -164 0
467 220 -379 0
119 113 -492 0
-367 -717 691 2
159 -53 -221 0
423 -535 277 0
-642 -352 -363 1
-319 -699 661 2
-472 -416 694 2
-374 -454 819 2
540 141 -313 0
429 179 -417 0
-518 693 312 2
-206 -539 828 2
-711 -504 -574 1
-621 -401 -537 1
-551 -285 -358 1
479 132 -407 0
-405 -610 584 2
-42 -351 -604 1
378 205 -216 0
490 -381 -438 0
410 285 -562 0
-348 -448 -796 1
-425 -176 -437 1
285 234 -385 0
-529 -82 -620 1
219 22 -379 0
334 71 -611 0
-317 -242 -529 1
504 141 -489 0
-536 -88 -537 1
-336 -430 -773 1
365 -22 -464 0
-447 -276 862 2
-570 -266 -581 1
-603 -419 675 2
-348 -165 -542 1
-325 -286 -483 1
-331 -225 -514 1
264 -42 -608 0
-349 -266 -589 1
-558 -295 -541 1
26 433 -647 0
-190 -499 487 2
342 136 -370 0
-416 -674 523 2
-237 -487 534 2
-294 -132 -655 1
-317 -658 661 2
-307 -141 -733 1
-223 -407 514 2
-57 -178 -264 0
-520 -359 -453 1
-376 -381 764 2
-622 -583 821 2
-265 -287 689 2
524 -62 -171 0
-565 -426 -363 1
-515 -50 -711 1
-634 -372 467 2
-319 -638 776 2
-387 -279 -494 1
-380 -567 838 2
-586 -261 -421 1
-222 -610 777 2
-548 -714 726 2
-449 -475 -409 1
-579 -430 584 2
-587 -361 711 2
130 -137 -243 0
-542 -306 -490 1
-459 -623 609 2
-365 -589 701 2
-270 -482 529 2
-538 -81 -592 1
-526 -255 -732 1
274 -119 -431 0
-428 -273 688 2
-586 -442 627 2
121 55 -398 0
-561 -548 460 2
-307 -175 -633 1
-454 -485 -377 1
-326 -489 -545 1
-549 -484 861 2
-201 -434 723 2
-670 323 -60 1
268 234 -555 0
-304 -158 -513 1
-224 -292 839 2
-640 486 -604 1
-437 -429 -379 1
303 -88 -558 0
-480 -470 767 2
-471 -73 -792 1
524 -28 -472 0
-486 -379 -596 1
-574 -532 689 2
-441 -701 564 2
-659 -365 -622 1
-232 -530 619 2
-594 -382 -577 1
-405 -53 -419 1
-574 -254 -358 1
-472 -434 618 2
459 153 -323 0
-639 -673 566 2
-321 -401 -589 1
-388 -494 -711 1
-538 -253 -457 1
-413 -179 -614 1
387 119 -373 0
-450 -654 452 2
410 291 -372 0
-643 -446 535 2
-570 -387 -609 1
560 -11 -196 0
-384 -470 -721 1
304 -5 -568 0
-296 -591 694 2
-477 -509 865 2
-38 524 477 0
494 273 -495 0
253 93 -356 0
315 215 -584 0
-644 -495 -795 1
-390 -633 861 2
-557 -149 -661 1
-736 -442 -390 1
-301 -65 -545 1
-423 -398 864 2
-367 -594 782 2
-502 -126 -664 1
-432 -317 -626 1
-590 -115 -534 1
-647 -284 -613 1
255 -149 -457 0
119 -70 -472 0
-345 -192 -493 1
-332 -490 454 2
474 -278 -242 0
322 -106 -599 0
-560 -380 850 2
410 106 -378 0
382 -71 -442 0
197 22 -485 0
-475 -457 616 2
-439 -739 731 2
-374 -150 -623 1
174 201 -322 0
130 -62 -547 0
-293 -606 494 2
150 300 -267 0
122 217 -529 0
-574 -327 -339 1
538 115 -522 0
303 244 -320 0
419 76 -559 0
-496 -443 -356 1
410 269 -558 0
180 106 -613 0
-353 -341 -798 1
423 -108 -546 0
-640 -334 -620 1
633 426 197 0
556 232 -564 0
262 70 -320 0
-217 -333 665 2
-632 -650 765 2
-491 -691 745 2
-229 -328 -634 1
214 343 -624 0
-436 -457 883 2
-204 -444 615 2
123 69 -495 0
-68 654 384 0
-730 -223 -676 1
568 86 -475 0
-672 -193 -402 1
-385 -455 -728 1
-417 -592 547 2
-551 -388 -423 1
-416 -299 -395 1
-588 -260 -553 1
394 615 -94 0
-601 -136 -638 1
-296 -487 467 2
-606 -133 -410 1
-579 -514 775 2
-347 -129 -638 1
-489 -567 649 2
-617 -533 553 2
257 -68 -464 0
-498 -398 -499 1
268 290 -220 0
570 148 -532 0
-463 -419 903 2
-253 -395 658 2
-390 -370 -730 1
-383 -323 600 2
-606 -641 488 2
-524 -559 789 2
-202 -404 546 2
-471 -484 704 2
-297 -301 -339 1
-699 -180 -795 1
-330 -333 -570 1
576 -36 -613 0
-732 -434 -588 1
-417 -591 627 2
418 -49 -443 0
224 -100 -302 0
186 294 -413 0
-236 -454 862 2
-242 -594 761 2
-353 -455 551 2
224 223 -504 0
-608 -142 -493 1
-621 -445 582 2
-297 -460 833 2
553 -75 -458 0
460 -9 -604 0
-390 -493 -449 1
-430 -450 843 2
231 -28 -542 0
337 -5 -478 0
-624 -549 723 2
116 235 -509 0
-514 -187 -372 1
568 -57 -302 0
301 -148 -588 0
344 -12 -501 0
-647 -575 627 2
-286 -505 741 2
-513 -423 467 2
-380 -379 -555 1
-333 -462 -498 1
-555 -648 744 2
-657 -220 -621 1
-715 -297 -772 1
-398 -299 499 2
-415 -45 -762 1
-690 -325 -497 1
-339 -129 -459 1
-730 -246 -798 1
-280 -316 -512 1
451 -102 -487 0
-359 -373 -716 1
-466 -637 508 2
-280 -333 616 2
538 -9 -330 0
-616 -563 844 2
-507 -399 -426 1
505 -83 -283 0
-445 -655 687 2
366 186 -410 0
466 261 -607 0
-514 -539 818 2
-567 -495 719 2
-310 -178 -731 1
527 -60 -352 0
-554 -313 596 2
-525 -481 751 2
-510 -556 556 2
-728 -134 -502 1
394 270 -316 0
656 -408 -659 0
-740 -108 -598 1
-580 -409 705 2
479 157 -380 0
-285 -285 684 2
-653 -477 -556 1
393 62 -601 0
-318 -625 759 2
-512 -468 -483 1
577 189 -550 0
200 -96 -211 0
-201 -287 556 2
-466 -229 -660 1
-356 -506 -571 1
187 105 -292 0
-303 -288 -769 1
-217 -730 521 2
-420 -377 898 2
-627 -560 554 2
-270 -602 795 2
514 174 -617 0
-266 -312 609 2
-581 -361 765 2
306 74 -362 0
-210 -306 663 2
-461 -291 -734 1
-674 -164 -733 1
-255 -400 822 2
433 204 -618 0
237 285 -181 0
-437 -368 637 2
-635 -405 -576 1
122 -159 -557 0
-519 -337 -597 1
-601 -312 -603 1
-343 -70 -738 1
480 45 95 0
-510 -524 684 2
499 -18 -621 0
-433 -464 826 2
-258 -686 551 2
527 215 -436 0
-545 -394 877 2
-597 -265 -338 1
-546 -375 485 2
152 89 332 0
230 34 -164 0
-450 -395 -458 1
-575 -452 -377 1
-380 -279 -661 1
-338 -723 820 2
-573 -127 -770 1
-319 -158 -613 1
-268 -352 583 2
-569 -404 540 2
-410 -396 645 2
186 -152 -461 0
-449 -470 -423 1
-724 -415 -579 1
383 164 -186 0
-601 -669 603 2
-429 -509 532 2
236 10 -437 0
-233 -311 806 2
-519 -401 -380 1
372 200 -396 0
-543 -291 -535 1
-365 -614 510 2
-683 -62 -692 1
346 -84 -347 0
-549 -233 -713 1
-543 -281 884 2
-361 -664 873 2
416 17 -559 0
-601 -295 -456 1
-304 -187 -569 1
-520 -73 -416 1
-588 -501 -486 1
-302 -203 -651 1
-423 -80 -651 1
-586 -422 716 2
379 55 -569 0
329 2 -256 0
-571 -356 -729 1
-577 -345 -394 1
-302 -427 -376 1
-629 -666 852 2
-596 -585 736 2
-339 -396 565 2
-691 -89 -410 1
-642 -517 671 2
197 -7 -350 0
-415 -469 -627 1
231 70 -499 0
521 -85 -399 0
-432 -218 -524 1
-555 -44 -503 1
-635 -459 -724 1
-422 -311 484 2
-369 -316 887 2
-386 -162 -736 1
-388 -283 780 2
208 -32 -271 0
-621 -240 -568 1
443 -459 -628 0
-381 -493 -394 1
347 162 -502 0
-221 -364 854 2
218 12 -553 0
401 83 -391 0
-618 -368 490 2
406 263 -477 0
293 -37 -579 0
-581 -394 529 2
313 -61 -220 0
-258 -414 885 2
-729 -153 -697 1
-573 -462 -692 1
-714 -355 -719 1
534 200 -571 0
-344 -425 513 2
-593 -315 -417 1
325 193 -400 0
-595 -68 -789 1
-642 -547 642 2
284 -1 -388 0
-470 -634 478 2
-550 -481 722 2
-588 566 456 2
-286 -92 -556 1
-640 -437 721 2
166 -32 -387 0
-224 -317 825 2
437 233 -275 0
-507 -542 882 2
-353 -480 677 2
-391 -98 -648 1
-499 -341 649 2
-624 -361 -544 1
380 299 -405 0
-524 193 232 2
264 128 -409 0
-442 -407 -571 1
-571 -436 602 2
-207 -387 895 2
-573 -468 -539 1
489 143 -512 0
-225 -506 883 2
-449 -726 702 2
455 28 -503 0
492 172 -458 0
-458 -398 -630 1
533 52 -500 0
-381 -416 -409 1
-696 -71 -351 1
-492 -456 453 2
146 163 -198 0
-384 -68 -482 1
-610 -379 -694 1
-169 -489 -167 1
-305 -460 -558 1
-372 -356 -598 1
-282 -106 -620 1
-638 -65 -657 1
-329 -562 728 2
-448 -299 535 2
-578 -652 688 2
385 307 -563 0
-564 -621 465 2
367 203 -369 0
-478 -70 -494 1
-517 -605 884 2
-495 -118 -694 1
-425 -443 -421 1
577 -15 -437 0
-730 -333 -758 1
-742 -98 -475 1
257 295 -237 0
517 261 -254 0
-586 -333 -757 1
-466 -503 501 2
398 252 -306 0
-397 -439 -741 1
-582 -330 -593 1
-579 -136 -491 1
-288 -452 -640 1
53 454 223 0
-424 -300 -567 1
321 157 -615 0
176 132 -344 0
-481 -348 -413 1
-583 -288 -704 1
-322 -374 -454 1
-416 -154 -466 1
-211 -382 489 2
289 -32 -283 0
-490 -270 -449 1
-625 -700 552 2
-477 -549 602 2
242 -110 -358 0
-326 -358 818 2
-307 -74 -366 1
-372 -197 -354 1
-534 -312 -332 1
-711 -483 -522 1
-613 -102 -655 1
-699 -508 82 2
-535 -504 655 2
-367 -273 -792 1
135 -14 -407 0
-569 -581 508 2
-372 -338 -706 1
573 237 -409 0
-318 -55 -751 1
-520 -115 -706 1
490 -140 -339 0
-467 -98 -793 1
-338 -619 856 2
-532 -488 815 2
268 227 -395 0
-427 -507 473 2
-431 -280 -601 1
559 70 -524 0
-53 -74 294 2
454 -3 -297 0
-324 -483 -522 1
-631 -443 -417 1
-374 -357 -520 1
-595 -374 -355 1
-705 -235 -474 1
-285 -584 465 2
-512 -458 710 2
-622 -365 -405 1
-598 -624 512 2
-364 -467 -773 1
-511 -292 -457 1
-402 -288 -406 1
552 -62 -256 0
-433 -626 706 2
-572 -279 -525 1
235 -9 -245 0
-730 -502 -626 1
137 -243 383 2
-337 -652 831 2
-622 -389 -710 1
117 25 -183 0
156 -74 -576 0
500 -62 -617 0
508 225 -314 0
263 45 -263 0
-579 -57 -448 1
425 276 -456 0
-603 -254 -490 1
-444 -728 824 2
-364 -534 576 2
447 244 -502 0
-578 -323 -708 1
-728 -225 -662 1
473 -135 -613 0
-468 -87 -563 1
-327 -449 696 2
246 177 -272 0
-654 -476 -743 1
452 29 -176 0
428 -100 -219 0
-326 -198 -386 1
-292 -94 -693 1
-570 -481 507 2
310 144 -166 0
-558 -384 -668 1
422 257 -531 0
-319 -411 -684 1
-363 -456 776 2
194 19 -498 0
-299 -568 585 2
-361 -110 -568 1
545 -59 -393 0
-326 -289 -473 1
-702 -495 -569 1
426 75 -202 0
432 301 -228 0
-415 275 -607 1
277 275 -403 0
121 244 -329 0
-711 -278 -780 1
513 -39 -366 0
-653 -381 646 2
544 -133 -343 0
522 171 -418 0
-477 -504 644 2
-336 -206 -386 1
-297 -413 711 2
-453 -281 -671 1
488 216 -195 0
-371 -311 -655 1
563 -102 -431 0
606 692 406 0
-550 -664 613 2
-429 -615 732 2
-286 -424 -585 1
321 112 -446 0
571 185 -368 0
-253 -575 476 2
-660 -257 -372 1
-729 -312 -490 1
-330 -444 482 2
293 139 -472 0
-477 -114 -525 1
503 134 -180 0
343 -402 664 2
232 -127 -505 0
-704 -301 -539 1
-409 -116 -744 1
-351 -657 668 2
199 190 -338 0
-409 -467 557 2
-344 -381 798 2
-686 -127 -694 1
-543 -274 788 2
-287 -359 583 2
-408 -415 -387 1
-460 -289 -531 1
-317 -413 702 2
-327 -203 -632 1
-415 -291 846 2
-346 -504 -728 1
-456 -147 -385 1
432 285 -354 0
164 192 -358 0
153 150 -606 0
-651 -193 -488 1
-291 -92 -736 1
125 193 -621 0
185 -63 -420 0
10 84 -495 0
-593 -81 -447 1
-496 -76 -690 1
-538 -340 -567 1
-257 -596 728 2
-373 -494 -575 1
-414 -644 665 2
323 -21 -597 0
471 -158 -505 0
380 45 -594 0
564 165 -275 0
-395 -321 505 2
448 -8 -547 0
-499 -626 463 2
470 189 -306 0
461 245 -548 0
306 57 -622 0
-345 -176 -538 1
-338 -614 834 2
456 129 -275 0
-420 -725 519 2
-534 -137 -560 1
-464 -426 875 2
-605 -175 -415 1
-473 -460 -416 1
150 245 -321 0
-415 -525 712 2
-355 -517 903 2
-305 -328 -507 1
235 229 -373 0
-381 -556 538 2
482 231 -543 0
336 -99 -526 0
-235 -397 837 2
-459 -320 -593 1
440 -32 -551 0
-434 -355 651 2
-305 -490 -623 1
-648 -447 895 2
-438 -316 905 2
-553 -542 731 2
358 95 -302 0
412 64 -600 0
-573 -454 -466 1
-624 -395 696 2
-476 -334 -610 1
-283 -686 524 2
-618 -317 -769 1
-478 -560 546 2
-493 -196 -750 1
-540 -468 728 2
233 275 -305 0
-701 -217 -696 1
-409 -61 -439 1
221 121 -429 0
179 127 -173 0
-657 -500 -596 1
279 88 -325 0
-388 -374 -703 1
-540 -499 539 2
233 168 -279 0
136 18 -216 0
-318 -365 851 2
-351 -685 540 2
448 -69 -597 0
-218 -631 558 2
-676 -225 -498 1
-425 -287 -373 1
-627 -520 858 2
130 -142 -175 0
445 -58 -305 0
-411 -237 -694 1
-735 -57 -692 1
505 -31 -416 0
-688 -246 -785 1
-554 -644 693 2
-361 -218 -498 1
442 -20 -166 0
-362 -241 -416 1
-561 -170 -472 1
-404 -447 806 2
-309 -226 -672 1
-464 -555 685 2
-729 -153 -521 1
-343 -611 570 2
-531 -446 -479 1
-361 -506 -796 1
260 108 -578 0
-629 -272 -704 1
131 -185 -638 0
263 -48 -534 0
-374 -196 -618 1
128 -78 -622 0
429 -128 -601 0
163 -60 -214 0
-314 -105 -460 1
-655 -736 446 2
-218 -697 611 2
381 165 -501 0
165 -30 -431 0
-727 -222 -621 1
-709 -382 -566 1
276 -153 -332 0
173 23 -585 0
155 287 -505 0
-490 -399 746 2
327 287 -358 0
284 -128 -512 0
-469 -425 766 2
-361 -376 -710 1
-439 145 -280 1
-547 -460 832 2
-378 -600 635 2
503 -106 -285 0
376 236 -252 0
340 252 -623 0
-542 -483 575 2
283 -109 -308 0
554 283 -252 0
-322 -387 846 2
-405 -359 452 2
-710 -149 -652 1
-368 -541 844 2
228 101 -249 0
-609 -701 466 2
-472 -76 -619 1
193 -124 -264 0
-307 -558 876 2
-521 -437 -544 1
-580 -129 -508 1
170 63 -192 0
-650 -398 -420 1
-605 -494 734 2
-550 -206 -547 1
-729 -412 -591 1
-273 -354 864 2
-360 -722 876 2
552 167 -516 0
-314 -411 -689 1
-631 -442 733 2
414 -88 -334 0
-555 -548 618 2
-695 -503 -534 1
399 280 -506 0
-436 -627 575 2
-604 -366 501 2
-513 -60 -422 1
-562 -340 -620 1
-542 -532 532 2
-363 -387 -531 1
383 281 -297 0
-437 -212 -572 1
-400 -482 -347 1
-712 -469 -360 1
252 123 -270 0
-676 -269 -598 1
433 96 -540 0
-396 -316 510 2
-487 -378 -575 1
-408 -205 -687 1
568 138 -330 0
159 564 120 0
-616 -463 -462 1
-595 -335 868 2
-232 -633 788 2
493 252 -342 0
-281 -425 826 2
-394 -608 773 2
-496 -524 756 2
277 -4 -628 0
411 -99 -548 0
378 206 -206 0
-357 -87 -564 1
-579 -428 -546 1
152 -32 -214 0
-345 -470 -775 1
-360 -386 -497 1
-202 -635 842 2
-318 -252 -581 1
-270 -403 446 2
-325 -614 797 2
169 58 -509 0
509 -5 -606 0
-618 -682 826 2
370 12 282 0
-646 -310 861 2
-314 -231 -414 1
-657 -60 -650 1
-449 -302 879 2
-357 -459 692 2
-552 -194 -451 1
-362 -430 387 2
-707 -494 -378 1
-625 -640 706 2
-713 -190 -685 1
-564 -494 829 2
247 189 -545 0
-628 -411 906 2
-736 -321 -746 1
-459 -274 -707 1
575 -22 -288 0
213 -108 -566 0
502 65 -194 0
381 -59 -344 0
249 133 -529 0
-720 -340 -639 1
-589 -575 816 2
-445 -530 816 2
309 220 -294 0
-611 -595 754 2
-455 -471 -797 1
447 -96 -344 0
-361 -304 867 2
-630 -288 -595 1
-321 -407 506 2
112 -11 -490 0
-596 -572 470 2
-546 -51 -520 1
-595 -652 743 2
442 -91 -459 0
383 -69 -422 0
-742 -95 -405 1
-554 -122 -498 1
-197 -331 831 2
-333 -400 749 2
380 -10 -233 0
-343 -669 780 2
190 205 -548 0
-335 -517 821 2
-454 -428 -393 1
-342 -357 473 2
-623 -319 697 2
-521 -428 786 2
490 14 -580 0
238 122 -419 0
-394 -447 -472 1
32 240 -654 0
-306 327 -147 0
-626 -258 -683 1
-225 -408 832 2
-343 -567 630 2
-345 -216 -646 1
541 131 -424 0
251 -26 -589 0
-397 -80 -472 1
488 -136 -250 0
-206 -528 497 2
-368 -307 666 2
502 7 -451 0
427 29 -422 0
-310 -356 -467 1
-381 -366 -616 1
-337 -492 -733 1
213 186 -276 0
-469 -365 -358 1
312 258 -384 0
576 -151 -557 0
-434 -358 535 2
-581 -299 798 2
-313 -57 -558 1
186 -159 -403 0
-300 -63 -602 1
-322 -279 693 2
-325 -142 -683 1
-282 -620 747 2
-298 -703 453 2
-548 -559 803 2
528 186 -185 0
-547 -689 724 2
-653 -710 703 2
-694 -116 -730 1
202 145 -522 0
180 200 -290 0
527 145 -507 0
-510 -529 484 2
346 239 -574 0
-425 -461 -401 1
-462 -309 -339 1
351 -98 -444 0
-511 -496 -495 1
-411 -404 618 2
208 -132 -172 0
-638 -511 641 2
-499 -59 -440 1
-453 -367 808 2
-676 -300 -559 1
-381 -348 -634 1
-282 -370 620 2
447 -119 -240 0
-354 -160 -524 1
340 -25 -181 0
-408 -394 852 2
-304 -531 841 2
-433 -305 -730 1
-616 -479 820 2
-631 -646 500 2
-505 -176 -510 1
362 -145 -348 0
412 -71 -315 0
-416 -636 505 2
-312 -168 -401 1
-449 -401 446 2
-338 -450 -487 1
-584 -213 -370 1
-336 -160 -488 1
477 77 -181 0
-340 -642 654 2
-541 -403 447 2
-472 -489 -598 1
-348 -430 -615 1
-336 -448 -531 1
-695 -186 -419 1
529 161 -187 0
-431 -710 560 2
-699 -147 -393 1
-622 -202 -469 1
436 -135 -585 0
165 169 -501 0
-459 -333 -613 1
373 -127 -513 0
-576 -273 527 2
-301 -402 627 2
438 537 -543 0
-438 -638 890 2
-440 -403 473 2
-726 -405 -691 1
350 -90 -251 0
-560 -51 -783 1
211 129 -440 0
-575 -401 -767 1
-330 -601 882 2
242 71 -254 0
-289 -265 -405 1
-611 -371 -422 1
-251 -621 497 2
313 214 -177 0
-548 -339 581 2
420 269 -441 0
552 61 -507 0
-697 -427 -721 1
312 211 -279 0
486 -54 -406 0
352 209 -575 0
-711 -97 -643 1
-321 -51 -558 1
-398 -133 -679 1
430 203 -589 0
-537 -458 790 2
-557 -546 690 2
-510 -318 -482 1
-199 -630 601 2
329 20 -197 0
509 254 -388 0
-650 -475 -549 1
228 498 639 0
-572 -330 -505 1
-674 -326 -413 1
-228 -485 778 2
260 -50 -356 0
139 -39 -570 0
-558 -477 610 2
-526 -465 533 2
-456 -116 -735 1
-728 -161 -537 1
162 7 -427 0
522 -29 -199 0
535 192 -361 0
-578 -376 569 2
415 10 538 0
116 -103 -173 0
198 278 -300 0
326 -13 -624 0
-300 -283 -578 1
-406 -486 844 2
-403 -221 -735 1
406 243 -491 0
-428 129 -413 1
533 -37 -243 0
-449 -322 -649 1
-342 -367 886 2
-354 202 492 2
-454 -166 -633 1
-523 -201 -755 1
191 304 -324 0
153 157 -409 0
-398 -310 658 2
-191 -458 476 2
-508 -418 -408 1
-423 -608 831 2
191 145 -377 0
-299 -497 467 2
-582 -423 -489 1
-613 -652 650 2
-421 -627 749 2
-555 -330 -473 1
-560 -369 780 2
249 124 -552 0
-247 -280 864 2
571 98 -579 0
-652 -71 -735 1
-599 -636 660 2
-470 -301 -622 1
-511 -328 -413 1
-448 -397 630 2
266 -62 -295 0
344 228 -604 0
279 -88 -165 0
-357 -696 803 2
442 23 -325 0
-591 -342 -722 1
274 178 -324 0
-704 -368 -356 1
-193 -642 840 2
-315 -322 574 2
-711 -144 -474 1
-414 -594 -337 1
259 637 517 0
-528 -113 -743 1
-559 -99 -686 1
-335 -420 793 2
-461 -601 754 2
-560 -488 634 2
-460 -494 822 2
197 50 -282 0
-647 -345 668 2
-376 -74 -776 1
-592 -486 -347 1
-460 -489 -483 1
-724 -192 -726 1
317 306 -401 0
-398 -605 495 2
-658 -503 -761 1
-355 -141 -561 1
-584 -355 -534 1
-364 -223 -639 1
628 16 -468 0
413 -87 -169 0
-338 -47 -481 1
-435 -568 567 2
-387 -646 798 2
-219 -609 716 2
-445 -572 592 2
-559 -163 -762 1
-663 -49 -686 1
50 638 -372 0
-564 -211 -290 1
521 289 -410 0
153 2 -415 0
-359 -424 -440 1
335 -158 -372 0
-525 -509 880 2
-501 -420 -349 1
179 98 -439 0
545 -34 -524 0
-651 -340 596 2
-694 -468 -359 1
-309 -248 -593 1
-617 -391 751 2
-529 -399 -410 1
-359 -251 -482 1
-277 -663 878 2
486 100 -363 0
-476 -390 671 2
-424 -335 -741 1
472 204 -183 0
-510 -166 -640 1
-340 -644 452 2
458 -16 -605 0
-458 -253 -673 1
358 142 -484 0
448 -67 -180 0
-538 -502 662 2
-216 -721 611 2
-454 -353 636 2
-446 -412 -434 1
-485 -400 -791 1
494 247 -376 0
250 25 -297 0
183 -59 -166 0
-622 -468 -346 1
-617 -356 -558 1
-432 -328 894 2
-652 -215 -531 1
-617 -374 499 2
436 274 -235 0
-381 -190 -492 1
-462 -672 705 2
-467 -154 -693 1
-191 -377 873 2
-620 -547 672 2
-653 -188 -436 1
-585 -430 770 2
-537 -425 674 2
-664 -303 -731 1
-595 -448 -784 1
-678 -329 -756 1
181 193 -619 0
-213 -659 815 2
-534 -179 -558 1
-213 -673 829 2
-280 -329 691 2
326 109 -422 0
-523 -646 742 2
-291 -421 -681 1
354 277 -389 0
-391 -654 681 2
442 -42 -216 0
-289 -384 575 2
-138 -22 177 2
247 265 -539 0
-629 -442 750 2
220 -106 -610 0
-520 -248 -505 1
-345 -468 625 2
-363 -289 -476 1
-560 -613 845 2
-601 -722 611 2
-449 -416 687 2
159 267 -580 0
-345 -305 -364 1
-319 -497 -547 1
-441 -602 473 2
139 239 -617 0
-238 -623 630 2
-576 -271 -486 1
110 443 -461 0
460 179 -470 0
-202 -682 838 2
-553 -208 -687 1
282 199 -349 0
298 43 -497 0
-203 -575 851 2
-590 -338 -509 1
-499 -403 577 2
-217 -546 724 2
-497 -422 712 2
-586 -301 540 2
-566 -176 -487 1
511 154 -443 0
360 191 -372 0
-479 -332 777 2
-381 -287 -707 1
308 71 -536 0
147 303 -580 0
459 170 -253 0
-310 -412 527 2
-257 -447 489 2
424 -33 -469 0
-571 -364 592 2
-439 -599 527 2
-475 -202 -460 1
295 64 -466 0
468 157 -215 0
-408 -484 607 2
367 192 -536 0
-241 -529 516 2
-420 -275 535 2
-204 -494 866 2
-428 -487 -776 1
415 236 -223 0
209 260 -509 0
463 213 -383 0
-389 -328 -750 1
-483 -276 910 2
330 206 -558 0
-371 -426 660 2
-672 -145 -502 1
520 241 -279 0
-528 -344 489 2
-661 -313 268 2
-331 -461 -503 1
476 134 -606 0
468 -142 -263 0
-394 -249 -594 1
-213 -518 803 2
-493 -123 -697 1
-560 -543 846 2
-542 -361 579 2
-529 -343 -711 1
-433 -282 900 2
125 -147 -268 0
-374 -455 833 2
-610 -471 566 2
274 -48 -187 0
262 150 -425 0
-562 -278 542 2
-607 -382 -744 1
-366 -301 744 2
-453 -153 -367 1
-405 -180 -581 1
-335 -77 -342 1
-352 -669 578 2
167 194 -618 0
-386 -323 -791 1
-578 -253 -767 1
-525 -499 665 2
402 -77 -368 0
-301 -643 485 2
-475 -334 651 2
-333 -380 883 2
-586 -375 735 2
-534 -735 706 2
525 -26 -407 0
-566 -665 853 2
-382 -729 606 2
489 -34 -449 0
-412 -502 592 2
-240 -552 820 2
-355 -586 590 2
-291 -166 -347 1
-728 -62 -453 1
391 70 -461 0
-549 -308 -557 1
-576 -92 -679 1
-421 -380 -567 1
200 -56 -270 0
513 103 -564 0
268 -106 -239 0
-418 -366 734 2
-617 -555 734 2
262 205 -591 0
-222 -632 577 2
-477 -343 -467 1
-400 -535 737 2
493 152 -346 0
278 -41 -176 0
344 152 -405 0
-566 -734 608 2
573 49 -303 0
-281 -443 555 2
-530 -502 -610 1
-375 -351 868 2
375 269 311 0
333 245 -176 0
-641 -44 -411 1
-570 -457 726 2
362 -55 -456 0
-446 -175 -493 1
-480 -551 477 2
-667 -249 -757 1
-418 -339 -636 1
-716 -221 -721 1
-619 -587 640 2
-506 -710 758 2
208 30 -452 0
-323 -367 -438 1
-242 -311 499 2
-392 -329 592 2
512 118 -474 0
458 -140 -208 0
412 -104 -254 0
154 237 -195 0
420 163 -577 0
548 265 -547 0
-647 -619 789 2
170 -526 -16 0
-216 -532 516 2
-542 -571 634 2
-266 -607 740 2
-461 -621 907 2
-498 -364 776 2
-631 -135 -429 1
-543 -530 610 2
552 -22 -495 0
349 98 -475 0
-338 -354 -362 1
-635 -476 624 2
118 51 -477 0
152 -109 -443 0
413 201 -308 0
501 8 -549 0
-528 -391 618 2
-530 -231 -380 1
-234 -422 873 2
-395 -301 -561 1
-474 -303 -604 1
289 293 -554 0
-360 -76 -706 1
242 290 -429 0
-369 -284 -378 1
-449 -314 -699 1
-451 -696 466 2
412 203 -485 0
404 -42 -386 0
-471 -351 -791 1
-556 -576 683 2
-374 -318 659 2
132 -22 -219 0
-425 -217 -520 1
-397 -459 558 2
236 126 -357 0
193 14 -341 0
457 262 -255 0
-653 -74 -348 1
-648 -431 718 2
-639 -330 -468 1
395 161 -519 0
350 -63 -579 0
-492 -217 -631 1
-278 -379 -624 1
-588 -158 -536 1
459 -77 -401 0
162 144 -488 0
216 223 -389 0
-434 -447 -521 1
332 201 -544 0
514 -65 -603 0
-284 -633 833 2
-638 -318 778 2
551 202 -219 0
-474 -496 -765 1
-313 -623 694 2
547 51 -560 0
-588 -133 -673 1
-431 -336 -511 1
-520 -287 -336 1
-310 -739 544 2
-428 -570 743 2
-394 -189 -579 1
-657 -243 -590 1
-662 -232 -521 1
-685 -80 -536 1
537 199 -304 0
-691 -202 -467 1
-330 -450 857 2
-645 -461 -724 1
203 144 -549 0
-365 -124 -426 1
-447 -419 -686 1
-717 -390 -445 1
-334 -691 544 2
430 -53 -407 0
-337 -380 -710 1
-564 -469 -381 1
-221 -398 573 2
-375 -712 618 2
510 -90 -205 0
290 -698 -98 0
-632 -739 907 2
371 -113 -193 0
204 259 -502 0
-401 -603 783 2
123 259 -248 0
-396 -265 -406 1
235 -70 -470 0
-370 -212 -387 1
-738 -320 -635 1
509 -114 -339 0
-446 -220 -642 1
-375 -286 691 2
-488 -288 -506 1
-505 -351 898 2
-473 -71 -335 1
-204 -342 735 2
-300 -397 744 2
151 24 -590 0
-622 -489 579 2
-529 -324 807 2
-479 272 84 1
-432 -640 734 2
-582 -710 584 2
-594 -473 787 2
162 -145 -317 0
174 -17 -608 0
-206 -592 890 2
-295 -123 -363 1
-630 -366 -541 1
-564 -312 847 2
-721 -392 -790 1
344 70 -441 0
-353 -434 780 2
-304 -354 787 2
-450 -195 -640 1
159 -100 -594 0
292 142 -315 0
-563 -350 -377 1
368 228 -250 0
-425 -376 -718 1
-370 -309 -621 1
-309 -280 -547 1
-580 -584 529 2
-366 -53 -390 1
233 -12 -413 0
325 243 -351 0
-568 -152 -548 1
272 253 -275 0
-277 -346 715 2
384 18 -228 0
-482 -343 661 2
-339 -464 -350 1
-385 -386 845 2
-412 -577 500 2
-710 -423 -741 1
-653 -232 -395 1
-563 -153 -780 1
-570 -48 -332 1
-593 -325 754 2
338 16 -392 0
-518 -387 771 2
466 43 -292 0
-466 -563 634 2
-721 -274 -384 1
-216 -467 593 2
385 249 -483 0
213 72 -209 0
-578 -264 -678 1
338 11 -515 0
-276 -673 564 2
-594 -291 -542 1
-396 -167 -780 1
-514 -184 -690 1
-607 -472 -495 1
-408 -290 -528 1
-526 -506 -353 1
-468 -305 887 2
-278 -537 572 2
-706 -170 -702 1
-501 -350 -501 1
554 146 -522 0
-579 -132 -795 1
-308 -624 847 2
-240 -672 896 2
359 -155 -294 0
-457 -480 -590 1
-434 -355 -617 1
-403 -391 599 2
-513 -405 787 2
129 -68 -471 0
-282 -500 505 2
379 -20 -225 0
549 141 -618 0
289 -10 -450 0
-612 -87 -608 1
147 -68 -507 0
260 256 -221 0
496 -28 -431 0
-705 -217 -684 1
85 357 -184 0
375 193 -503 0
167 -12 -215 0
-605 -423 -547 1
243 194 -352 0
597 -472 -551 0
386 68 -218 0
-319 -366 686 2
244 89 -590 0
229 163 -483 0
274 60 -340 0
-731 -60 -366 1
-637 -474 -422 1
-242 -653 805 2
433 285 -267 0
-318 -592 511 2
-527 -524 843 2
-521 -120 -407 1
-566 -423 663 2
-329 -568 518 2
-357 -446 -440 1
-469 -456 -499 1
127 -143 -590 0
-474 -304 -552 1
-405 -666 767 2
-575 -447 -522 1
168 -14 -212 0
-420 -308 646 2
456 87 -483 0
146 271 -537 0
457 -147 -292 0
-283 -613 680 2
-200 -468 134 2
286 44 -279 0
-344 -259 -388 1
508 35 -442 0
452 166 -606 0
-487 -711 820 2
-207 -648 533 2
-513 -264 -574 1
-271 -550 902 2
-321 -110 -701 1
-446 -464 -487 1
-284 -280 448 2
-627 -398 -473 1
572 -132 -258 0
-413 -358 449 2
-306 -312 621 2
-611 -625 773 2
-369 -569 647 2
-592 -259 -663 1
117 -27 -374 0
-618 -322 806 2
-460 -209 -333 1
-562 -732 832 2
-322 -492 805 2
-655 -298 478 2
-263 -332 515 2
-338 -211 -473 1
-395 -462 -651 1
-738 -495 -798 1
-379 -311 -663 1
-421 -460 784 2
-521 -491 507 2
184 45 -211 0
450 289 -509 0
-319 -176 -350 1
-298 -174 -697 1
-296 -480 550 2
438 184 -430 0
489 486 531 0
148 23 -523 0
-335 -650 813 2
-350 -475 689 2
-558 -713 498 2
415 37 -457 0
-409 -476 502 2
547 67 -552 0
343 -80 -569 0
232 293 -453 0
515 216 -181 0
116 -146 -293 0
-383 -250 -717 1
248 -13 -567 0
-311 -667 838 2
312 218 -166 0
288 51 -290 0
-370 -361 -384 1
445 238 -576 0
410 57 -461 0
-484 -391 844 2
-390 -292 -713 1
-205 -397 468 2
390 -139 -424 0
-384 -592 566 2
-223 -373 632 2
312 -118 -484 0
-357 -571 824 2
-447 -695 881 2
-600 -72 -690 1
-206 -558 523 2
-430 -589 748 2
166 -114 -331 0
288 -66 -310 0
113 307 -607 0
291 299 -282 0
-437 -476 -382 1
-552 -485 -614 1
566 74 -374 0
-644 -655 536 2
308 225 656 2
572 177 -414 0
-360 -403 775 2
-612 -480 551 2
-720 -200 -714 1
-449 -550 899 2
-665 -154 -428 1
128 131 -600 0
-406 -633 908 2
-428 -708 861 2
-620 -420 -769 1
251 27 -492 0
-638 -676 759 2
-488 -380 -765 1
542 285 -533 0
-355 -54 -795 1
-339 -569 533 2
-275 463 -140 0
-363 -376 -522 1
500 -102 -496 0
-422 -391 687 2
301 122 -389 0
-475 -399 816 2
-365 -45 -521 1
-732 -445 -519 1
-579 -134 -641 1
-432 -701 663 2
-281 -49 -632 1
257 -57 -275 0
-742 -337 -616 1
-554 -364 761 2
-205 -714 504 2
96 -223 42 0
-554 -465 -620 1
487 256 -488 0
446 109 -562 0
-573 -488 646 2
-566 -316 -707 1
-638 -610 502 2
-566 -423 -494 1
220 76 -607 0
-530 -490 -557 1
151 201 -324 0
-717 -145 -486 1
205 -21 -254 0
146 101 -569 0
386 244 -288 0
-540 -424 -692 1
363 -5 -555 0
-573 -493 -355 1
-340 -496 -455 1
-373 -709 465 2
502 -69 -586 0
339 -109 -244 0
-158 69 -110 0
-315 -175 -778 1
-535 -157 -769 1
-686 334 -504 1
176 223 -607 0
-350 -300 632 2
576 162 -498 0
502 -340 -541 0
139 -91 -514 0
-597 -71 -472 1
-422 -131 -500 1
-291 -409 719 2
306 -51 -612 0
-628 -690 681 2
-399 -341 480 2
364 -42 -500 0
-388 -96 -662 1
-652 -557 770 2
-576 -655 804 2
-512 -225 -690 1
-626 -400 -406 1
516 -1 -311 0
525 -97 -629 0
-560 -362 528 2
-452 455 13 1
364 178 -378 0
-298 -393 -794 1
-576 -225 -564 1
-349 -334 -591 1
-470 -549 486 2
-583 -346 -668 1
-578 -336 605 2
436 159 -225 0
-624 -84 -561 1
-499 -126 -783 1
-274 -513 642 2
-421 -385 -583 1
-259 -550 555 2
493 -127 -279 0
156 -56 -389 0
-695 -472 -540 1
514 222 -612 0
341 -124 -326 0
123 277 -304 0
-385 -226 -674 1
-243 -275 567 2
-715 -265 -636 1
439 109 -448 0
-469 -458 -679 1
-551 -268 -383 1
-621 -728 547 2
-325 307 -72 0
-354 -398 574 2
-328 -554 834 2
424 -140 -556 0
-216 -538 635 2
-301 -718 455 2
-643 -111 -523 1
-326 -157 -428 1
-364 -478 569 2
-516 -388 691 2
-217 -303 901 2
-687 -196 -451 1
-417 -315 793 2
236 233 -169 0
541 57 -364 0
-192 -596 460 2
-515 -152 -631 1
-370 -440 -730 1
-466 -424 -749 1
-575 -478 -379 1
222 62 -163 0
376 236 -466 0
-653 -359 763 2
-262 -720 783 2
-403 -313 -753 1
-470 -278 658 2
477 -108 -181 0
-402 -581 447 2
-480 -436 852 2
-456 -405 -495 1
-581 -505 -642 1
571 70 -356 0
-674 -136 -729 1
491 48 -578 0
-531 -474 557 2
-639 -509 -343 1
391 -109 -378 0
-385 -351 -721 1
-386 -241 -723 1
-388 -487 871 2
-349 -360 606 2
-279 -388 -643 1
-262 -288 717 2
465 -45 -297 0
-266 -692 838 2
479 104 -575 0
575 -42 -382 0
-236 -547 721 2
533 -55 -406 0
550 106 -190 0
-483 -361 811 2
-400 -359 643 2
278 12 -474 0
-289 -125 -337 1
-541 -343 788 2
-387 -395 484 2
-284 -364 -554 1
-370 -506 607 2
-523 -447 -725 1
384 -54 -295 0
-727 -415 -666 1
-646 -347 -642 1
-645 -307 -421 1
-271 -575 588 2
397 242 -474 0
221 76 -563 0
489 49 -497 0
-726 -494 -484 1
-435 -209 -359 1
-601 -294 -480 1
356 209 -551 0
-526 -502 776 2
149 297 -201 0
-640 -255 -405 1
572 -143 -509 0
-652 -135 -439 1
-480 -478 -714 1
-603 -486 649 2
-213 -593 836 2
-521 -502 726 2
-347 -662 711 2
-597 -291 -658 1
566 116 -362 0
-135 204 -489 0
339 -3 -515 0
-320 -532 504 2
-466 -338 580 2
557 13 -314 0
-523 -469 -350 1
213 228 -444 0
-415 -581 867 2
-471 -195 -699 1
-548 -96 -735 1
-637 -311 -725 1
-606 -322 -494 1
234 61 -267 0
184 -105 -546 0
-416 -561 842 2
-719 -244 -797 1
-192 -691 880 2
-591 -516 571 2
-323 -275 462 2
-463 -240 -516 1
-709 -270 -620 1
534 166 -345 0
286 226 -416 0
-621 -345 744 2
274 268 -541 0
179 509 -224 0
137 197 -308 0
-621 -590 706 2
-655 -129 -760 1
499 185 -268 0
-507 -491 -649 1
361 20 -451 0
-445 -360 613 2
-603 -275 -780 1
-509 -256 -682 1
427 189 -489 0
-742 -163 -564 1
-603 -295 -764 1
300 113 -382 0
461 134 -318 0
-561 -474 903 2
-520 -692 547 2
618 -137 330 0
-612 -251 -604 1
-384 -484 -735 1
-313 -626 837 2
-242 -482 819 2
299 307 -549 0
303 159 -475 0
344 -45 -347 0
-378 -573 776 2
-636 -487 652 2
597 -579 670 2
-285 -78 -795 1
286 269 -538 0
-215 -650 536 2
196 160 -602 0
-234 -694 564 2
-308 -434 471 2
-501 -360 603 2
-487 -288 639 2
-143 -404 -527 1
-585 -500 631 2
-233 -618 692 2
518 104 -315 0
48 -472 -398 1
-432 -448 756 2
-376 -448 -725 1
-388 -449 -792 1
-666 -445 -374 1
-525 -443 739 2
417 56 -323 0
-357 -49 -566 1
482 -105 -593 0
542 183 -262 0
490 -116 -535 0
-386 -190 -669 1
488 71 -451 0
-412 -308 -501 1
-329 -204 -368 1
-406 -362 886 2
501 -91 -543 0
534 233 -616 0
-634 -494 -458 1
-367 -398 555 2
-699 -328 -473 1
486 206 -402 0
-451 -55 -498 1
-309 -542 881 2
-433 -375 890 2
-573 -302 -480 1
258 229 -211 0
-294 -647 761 2
-534 -524 697 2
-555 -552 635 2
360 -122 -396 0
474 57 -206 0
332 -78 -172 0
-264 -322 749 2
-539 -375 640 2
-680 -129 -766 1
-641 -325 -452 1
279 -126 -373 0
-443 -148 -749 1
-647 -497 719 2
-471 -169 -628 1
-737 -123 -456 1
204 -70 -186 0
471 210 -228 0
-640 -431 -389 1
-358 -437 573 2
127 264 -533 0
-546 -73 -727 1
-231 -464 787 2
255 -58 -478 0
220 212 -276 0
-692 -74 -532 1
-407 -186 -460 1
-285 -320 673 2
419 30 -428 0
-545 -90 -683 1
-639 -324 -557 1
-585 -492 910 2
569 48 -170 0
-645 -364 -545 1
-353 -665 727 2
-583 -256 -692 1
264 25 -565 0
108 -431 6 0
483 37 -203 0
-732 -464 -679 1
-321 -419 -582 1
-678 -324 -763 1
157 108 -257 0
567 -141 -607 0
-661 -192 -751 1
-440 -522 902 2
-585 -209 -490 1
529 -302 218 0
343 234 -606 0
270 -76 -397 0
-323 -420 508 2
-486 -224 -525 1
-449 -418 900 2
-592 -139 -386 1
-277 -377 858 2
-457 -541 536 2
-269 -594 628 2
-438 -410 -533 1
-640 -519 815 2
193 -159 -328 0
-303 -527 869 2
-420 -420 -543 1
353 -47 -614 0
296 69 -202 0
-611 -450 815 2
256 -101 -593 0
282 306 -277 0
-638 -462 -576 1
-487 -444 768 2
493 143 -473 0
-290 -593 848 2
-680 -54 -346 1
447 42 -345 0
-617 -637 889 2
520 -90 -396 0
423 -70 -331 0
-424 -350 -719 1
283 -78 -243 0
-742 -441 -397 1
-279 -636 569 2
-391 -734 534 2
-360 -60 -631 1
-263 -478 489 2
-619 -178 -746 1
255 174 -305 0
-500 -492 -615 1
-302 -250 -386 1
236 97 -597 0
-603 -476 621 2
-661 -95 -797 1
-617 -108 -372 1
202 96 -432 0
-366 -371 850 2
-472 -344 894 2
-438 -392 -653 1
-313 -734 502 2
-444 -94 -608 1
168 -119 -306 0
-613 -457 688 2
171 280 -550 0
298 113 -541 0
-222 -471 576 2
241 154 -240 0
-660 -271 -445 1
232 283 -554 0
-456 -279 868 2
-535 -299 -539 1
-422 -373 -543 1
157 246 -541 0
236 136 -569 0
290 65 -477 0
-405 -647 614 2
-547 -258 -521 1
526 144 -340 0
554 37 -271 0
213 279 -506 0
-514 -476 -513 1
562 147 -170 0
-578 -93 -623 1
367 133 -177 0
-518 -56 -724 1
-194 -371 577 2
-300 -699 538 2
-569 -47 -570 1
-699 -664 305 2
-331 -364 757 2
487 247 -251 0
-645 -366 903 2
234 81 -166 0
-455 -176 -465 1
-608 -213 -665 1
342 -103 -199 0
-632 -470 564 2
225 228 -177 0
470 -81 -583 0
-270 -601 548 2
574 -197 -529 0
-382 -282 -386 1
407 5 -501 0
475 92 -386 0
-304 -186 -398 1
-368 -719 617 2
197 -33 -491 0
-408 -85 -532 1
323 -41 -326 0
-213 -660 452 2
-502 -374 543 2
2 482 178 0
-103 -141 682 2
-360 -87 -382 1
-346 -636 458 2
494 -59 -429 0
527 -139 -358 0
-662 -504 -708 1
-354 -355 754 2
130 -3 -382 0
684 590 513 0
-298 -453 757 2
262 179 -282 0
-714 -256 -702 1
-216 -493 518 2
-313 -467 659 2
268 57 -270 0
-223 -299 623 2
571 -43 -431 0
462 101 -405 0
476 -22 -425 0
465 288 -436 0
-326 -460 -399 1
-448 -436 824 2
-251 -543 628 2
132 155 -282 0
-488 -196 -697 1
-376 -282 -443 1
-714 -111 -392 1
-434 -545 459 2
498 120 -375 0
471 -76 -562 0
-299 -444 -355 1
-67 -640 -190 1
-493 -417 -639 1
-461 -305 -571 1
-282 -264 -563 1
31 211 370 0
454 -8 -347 0
563 17 -360 0
-579 -727 606 2
-477 -333 -681 1
-481 -702 760 2
313 -93 -527 0
256 72 -459 0
-429 -482 579 2
236 -29 -267 0
-367 -491 765 2
-532 -120 -398 1
-284 -265 -625 1
380 -3 -181 0
-598 -418 645 2
-316 -659 858 2
-562 -471 -485 1
-547 -560 907 2
-596 -217 -693 1
-743 -115 -747 1
547 214 -348 0
-584 -440 -786 1
-326 -685 520 2
492 -146 -239 0
-674 -325 -355 1
-332 -397 849 2
566 129 -441 0
-603 -67 -546 1
667 144 -410 0
29 -129 -541 0
545 119 -304 0
286 -3 -603 0
-412 -393 -715 1
321 -136 -397 0
-536 -326 587 2
-518 -69 -393 1
521 -54 -448 0
-310 -501 862 2
241 -19 -433 0
-447 -379 617 2
-193 -311 757 2
317 216 -399 0
-648 -224 -687 1
161 228 -526 0
-560 -415 -394 1
-509 -158 -433 1
450 -97 -463 0
373 208 -582 0
-428 -416 -410 1
-445 -568 577 2
-352 -381 -740 1
-369 -452 -789 1
-545 -317 -396 1
265 21 -338 0
-528 -673 606 2
151 164 -285 0
-525 -657 860 2
-366 255 681 2
-220 -430 626 2
-715 -304 -748 1
-643 -192 -743 1
527 -59 -402 0
218 -86 -571 0
-209 -654 591 2
-582 -692 593 2
418 -64 -416 0
397 -80 -269 0
-661 -328 -374 1
-454 -262 -633 1
-293 -460 -341 1
228 304 -325 0
-418 -672 905 2
433 149 -618 0
-665 -308 -598 1
526 258 -288 0
331 297 -320 0
236 252 -374 0
-588 -394 645 2
-333 -410 -470 1
465 -132 -493 0
-527 -661 562 2
-409 -529 700 2
-393 -341 -454 1
-241 -523 488 2
-239 -418 741 2
220 -51 -415 0
491 136 -329 0
-652 -67 488 2
-495 -602 796 2
423 -60 -186 0
-284 -348 692 2
486 127 -330 0
-598 -56 -734 1
475 -94 -486 0
-379 -382 -683 1
-666 -162 -515 1
454 104 -463 0
-544 -494 789 2
-709 -103 -793 1
280 -36 -458 0
-570 -670 565 2
530 301 -273 0
261 -75 -197 0
-570 -530 799 2
342 200 -529 0
192 -79 -366 0
550 191 -310 0
-370 -607 821 2
-506 -702 486 2
-590 -504 -407 1
-651 -335 -391 1
-400 -86 -757 1
150 121 -219 0
207 243 -390 0
-351 -492 897 2
-736 -112 -363 1
-502 -490 -631 1
304 -3 -174 0
-690 -183 -694 1
338 35 -528 0
270 111 -318 0
-504 -158 -654 1
460 39 -191 0
-508 -260 -785 1
516 210 -466 0
-296 -380 -781 1
-273 -476 777 2
-626 -465 756 2
-389 -236 -733 1
-336 -713 724 2
-609 -496 -452 1
-329 -365 508 2
117 -56 -503 0
-501 -258 -552 1
220 146 -224 0
-565 -593 486 2
-321 -316 -727 1
-333 -454 821 2
-622 -463 -341 1
-332 -397 774 2
275 299 -357 0
-232 532 124 0
-243 -394 893 2
-187 127 -322 0
-402 -193 -350 1
127 -109 -253 0
268 166 -430 0
165 -206 618 2
-291 -280 896 2
-331 -678 605 2
-668 -55 -528 1
302 236 -443 0
-283 -177 -578 1
318 241 -494 0
-401 -325 -512 1
-276 271 -558 1
240 297 -400 0
-642 -627 755 2
-235 -473 815 2
319 45 -580 0
-673 -176 -765 1
-321 -630 585 2
-649 -184 -393 1
-336 -665 729 2
-577 -159 -450 1
-692 -223 -356 1
203 226 -216 0
-587 -413 -524 1
-480 -359 -728 1
427 146 -441 0
-432 -362 627 2
-563 -386 -639 1
-498 -707 567 2
-610 -229 -365 1
414 191 -341 0
162 30 -575 0
-257 -293 500 2
132 -106 -319 0
-333 -297 -622 1
-679 -374 -611 1
-641 -74 -767 1
484 -4 -376 0
-281 -473 625 2
208 242 -503 0
-195 -483 856 2
-506 -456 789 2
-419 -544 772 2
-464 -169 -769 1
-369 -605 686 2
-669 -310 -746 1
248 197 -208 0
467 121 -402 0
247 103 -188 0
-289 -581 501 2
223 40 -343 0
-436 -463 641 2
-450 -380 818 2
453 -125 -379 0
393 -124 -224 0
279 -100 -336 0
-533 -334 678 2
-535 -275 631 2
-541 -693 614 2
-334 -556 904 2
-318 -192 -728 1
-588 -438 -682 1
129 205 -323 0
-496 -390 -339 1
629 208 -585 0
532 28 -171 0
-480 -287 -558 1
-645 -690 541 2
-497 -190 -535 1
-207 -357 536 2
-624 -234 -426 1
-414 -489 -396 1
-159 -272 352 2
291 237 -311 0
-698 -487 -417 1
-531 -594 598 2
-294 -281 729 2
-354 -492 526 2
236 -83 -365 0
-549 -406 614 2
-550 -587 475 2
230 57 -354 0
-308 -721 484 2
-642 -330 804 2
-659 -332 -454 1
309 -50 -171 0
398 140 -600 0
-517 -278 -504 1
370 219 -370 0
-249 -657 629 2
-290 204 -211 1
-655 -305 -497 1
-254 -709 771 2
655 -43 616 0
-627 -308 830 2
-675 -278 -791 1
-567 -500 675 2
-392 -453 647 2
-295 -338 894 2
-349 -565 903 2
-439 -653 805 2
-711 -169 -587 1
398 -126 -591 0
328 -115 -195 0
-461 -416 -537 1
-544 -270 -688 1
239 -144 -271 0
-603 -564 662 2
168 120 -460 0
-25 -5 52 0
-586 -344 701 2
-493 -306 864 2
142 -13 -208 0
-714 -249 -598 1
480 -7 -228 0
-237 -580 662 2
537 -56 -230 0
218 205 -412 0
-525 -239 -358 1
257 234 -382 0
-600 -234 -409 1
-437 -103 -407 1
-290 -448 -603 1
-640 -500 -443 1
149 135 -202 0
-612 -380 -524 1
-283 -408 -698 1
-300 -660 610 2
-531 -380 -490 1
-363 -708 564 2
-321 -442 -413 1
-191 -470 544 2
-482 -94 -760 1
369 -54 -473 0
-630 -636 687 2
-508 -439 732 2
128 138 -431 0
247 26 -284 0
-522 -489 -523 1
331 191 -199 0
407 -118 -199 0
551 252 -271 0
-389 -487 755 2
-320 -418 724 2
-536 -441 -674 1
309 -55 -345 0
-437 -115 -633 1
-710 -314 -378 1
-525 -333 -401 1
474 219 -243 0
-446 -620 773 2
-484 -322 736 2
485 34 -383 0
534 109 -175 0
-452 -498 -338 1
224 114 -304 0
-288 -312 -467 1
-530 -627 839 2
210 -79 -269 0
111 55 -415 0
-626 -511 487 2
-673 -487 -630 1
-633 -605 664 2
-557 -570 669 2
-320 -527 601 2
-571 -293 -367 1
166 145 -539 0
470 -113 -233 0
435 95 -579 0
-197 -495 767 2
306 89 -599 0
-291 -349 -678 1
-729 -157 -677 1
209 121 -268 0
-527 -657 816 2
308 196 -255 0
-582 -565 836 2
-520 -293 -563 1
-669 -469 -535 1
364 306 293 0
-407 -423 -686 1
-654 -721 889 2
-652 -617 533 2
-409 -116 -422 1
-378 -678 524 2
-426 -235 -347 1
119 -17 -163 0
-504 -315 -570 1
-732 -115 -664 1
422 247 -230 0
-638 -83 -641 1
153 -80 -168 0
-502 -328 -555 1
-425 -737 691 2
430 116 -604 0
-361 -251 -645 1
393 274 -576 0
418 273 -460 0
-346 -200 -629 1
-283 661 274 0
437 647 320 0
-215 -353 466 2
-337 -354 724 2
-401 -670 767 2
-413 -507 -438 1
-312 -402 609 2
-694 -314 -373 1
-659 -187 -623 1
-567 -295 648 2
454 287 -360 0
-306 -466 -541 1
401 -109 -624 0
-336 -391 465 2
-563 -411 606 2
-349 -409 697 2
361 297 -571 0
-388 -80 -750 1
-191 -557 505 2
364 154 -629 0
496 155 -261 0
-509 -206 -587 1
459 -43 -421 0
-678 -247 -476 1
-346 -508 -652 1
-325 -396 -685 1
439 -159 -187 0
-640 -46 -369 1
-358 -305 -596 1
354 259 -168 0
-357 -228 -591 1
-328 -406 -579 1
-508 -174 -441 1
-657 -110 -543 1
407 115 -310 0
-536 -702 508 2
-599 -624 736 2
526 -89 -228 0
437 54 -568 0
555 125 -620 0
-437 -132 -600 1
570 -55 -247 0
-426 -428 705 2
-552 -477 550 2
-604 -622 536 2
-324 -82 -390 1
-638 -384 -501 1
268 -41 -347 0
-732 -52 -430 1
181 67 -404 0
-434 -278 869 2
-253 -319 843 2
-591 -142 -631 1
-603 -354 818 2
-528 -572 456 2
336 -93 -499 0
642 358 -632 0
-571 -620 884 2
-402 -368 -617 1
-529 -616 539 2
545 60 -301 0
202 -81 -619 0
-309 -147 -681 1
382 294 -174 0
-326 -621 710 2
-724 -261 -764 1
-587 -316 733 2
-420 -509 796 2
-345 -141 -351 1
275 288 -328 0
-670 -48 -567 1
436 -3 -290 0
-520 -320 -375 1
-376 -331 -589 1
-635 -94 -332 1
377 -1 -407 0
-476 -649 299 2
-423 -384 630 2
-201 -291 674 2
-300 -581 604 2
-506 -64 -334 1
-503 -339 829 2
560 -114 -329 0
-364 -363 -385 1
-619 -173 -791 1
-468 -108 -677 1
-701 -457 -363 1
-560 -71 -661 1
-649 -156 -449 1
405 87 -562 0
-519 -484 -707 1
-551 -529 666 2
324 -52 -207 0
487 93 -180 0
481 259 -250 0
-590 -406 899 2
211 275 -428 0
464 111 -220 0
-703 -256 -570 1
-285 -254 -509 1
-439 -375 -694 1
-484 -549 898 2
-564 -281 -668 1
-742 -341 -682 1
132 162 -608 0
-485 -664 699 2
556 99 -525 0
148 151 -568 0
468 5 -567 0
-682 -304 -382 1
-455 -564 467 2
-379 -566 556 2
-403 -425 624 2
-424 -358 874 2
-622 -251 -391 1
-436 -440 772 2
-392 -319 -574 1
-465 -732 871 2
-449 -213 -402 1
451 -60 -255 0
508 140 -205 0
306 621 -649 0
202 162 -568 0
400 -13 -219 0
-437 -170 -511 1
254 -54 -314 0
-699 -176 -595 1
-454 -554 501 2
566 149 -567 0
-465 -293 -455 1
191 265 -612 0
-551 -610 793 2
-462 -314 652 2
318 -128 -247 0
-652 -400 493 2
-383 -410 -374 1
-347 -424 -388 1
-491 -130 -340 1
-312 -633 740 2
-212 -737 837 2
-582 -119 -516 1
-450 -695 587 2
-719 -97 -637 1
-641 -222 -751 1
196 148 -572 0
-588 -227 -584 1
514 -80 -252 0
-448 -646 559 2
573 205 -538 0
-274 -636 738 2
371 291 -166 0
-695 -397 -554 1
440 269 -168 0
-508 -485 723 2
-582 -594 689 2
-620 -736 757 2
-360 -363 654 2
-685 -204 -481 1
513 265 -442 0
447 65 -436 0
-626 -331 559 2
-448 -147 -481 1
263 -78 -169 0
-688 -171 -631 1
-439 -557 758 2
-462 -663 815 2
485 53 -290 0
-642 -706 636 2
277 -159 -356 0
210 133 -452 0
-371 -205 -575 1
-239 -294 664 2
-414 -479 758 2
339 142 -219 0
525 -30 -237 0
-210 -446 860 2
-191 -417 545 2
563 76 -513 0
-306 -230 -764 1
-533 -377 -547 1
-427 -583 600 2
-708 -206 -478 1
-321 -216 -793 1
554 -24 -203 0
439 102 -481 0
-446 -509 726 2
376 85 -259 0
314 192 -585 0
-336 -428 -506 1
-656 -590 449 2
-426 -412 -447 1
-662 -487 -733 1
555 -80 -317 0
-528 -464 583 2
132 -26 -332 0
-528 -463 -563 1
-497 -527 610 2
-717 -198 -575 1
258 -106 -556 0
178 48 -324 0
269 7 -356 0
-370 -114 -735 1
-579 -231 -711 1
127 107 -584 0
-443 -466 -600 1
196 171 -175 0
-514 -288 539 2
361 292 -258 0
470 283 -403 0
440 50 -544 0
-500 -85 -576 1
282 -127 -190 0
-680 -63 -630 1
-546 -370 591 2
-379 -298 632 2
-476 -159 -447 1
-357 -98 -441 1
414 109 -482 0
-427 -607 576 2
-343 -331 -491 1
575 -128 -185 0
391 92 -610 0
-365 -565 541 2
-249 -726 523 2
-540 -470 -429 1
353 217 -462 0
-510 -405 -428 1
432 -159 -427 0
-396 -580 585 2
-481 -165 -478 1
262 180 -252 0
-509 -508 561 2
-394 -101 -645 1
435 190 -373 0
-458 -208 62 1
386 -138 -186 0
142 78 -493 0
516 -9 -237 0
-319 -584 800 2
224 -87 -524 0
-193 -442 617 2
-351 -203 -360 1
-327 -509 830 2
-515 -381 590 2
284 239 -420 0
-485 -248 -758 1
-216 -686 621 2
-436 -63 -560 1
-424 -505 722 2
383 -118 -540 0
-579 -97 -451 1
568 257 -339 0
-347 -425 -444 1
-577 -300 585 2
369 -74 -527 0
-450 -131 -543 1
-623 -710 504 2
496 75 -503 0
-431 -392 908 2
-356 -636 797 2
-421 -490 662 2
-281 -729 466 2
-503 -405 803 2
380 150 -272 0
-589 -184 -754 1
552 239 -366 0
-399 -445 -501 1
-634 -593 888 2
-459 -619 781 2
-240 -679 820 2
-503 -371 555 2
257 -72 -486 0
169 129 -443 0
-604 -397 -349 1
-322 -529 869 2
-321 -517 786 2
562 -158 -531 0
-708 -432 -745 1
-576 -430 -440 1
204 162 -388 0
-621 -316 805 2
-527 -460 -383 1
140 53 -580 0
210 -118 -444 0
-284 -490 555 2
-610 -561 815 2
139 -78 -604 0
-518 -294 -458 1
-382 -296 -579 1
-515 -378 -541 1
-704 -197 -664 1
-514 -280 840 2
204 163 -542 0
495 274 -531 0
285 39 -498 0
-481 -341 487 2
-614 -159 -437 1
-240 -560 857 2
207 -17 -539 0
-593 -91 -611 1
-327 -165 -505 1
-522 -339 -554 1
-618 -46 -782 1
384 246 -390 0
-702 -145 -728 1
234 508 269 0
-629 -192 -699 1
-508 -459 -679 1
328 75 -446 0
-427 -349 470 2
-599 -618 785 2
-289 -470 449 2
673 -388 -87 0
316 149 -397 0
-380 -445 512 2
-414 -671 584 2
-728 -54 -561 1
470 223 -218 0
-579 -340 827 2
518 -14 -446 0
-384 -411 713 2
-513 335 557 2
-339 -316 -490 1
-393 -582 564 2
699 525 411 0
-717 -68 -718 1
-223 -622 900 2
-555 -322 817 2
-494 -509 478 2
336 21 -596 0
182 138 -364 0
-488 -566 463 2
471 269 -438 0
498 94 -314 0
-714 -164 -589 1
-541 -59 -534 1
-673 -174 -579 1
-437 -249 -393 1
-278 -232 -416 1
-540 -653 584 2
-294 -546 796 2
-347 -701 718 2
540 -40 -201 0
-360 -656 566 2
-190 -368 549 2
-431 -628 613 2
-288 -299 -586 1
370 -118 -357 0
-216 37 -482 1
-506 -302 650 2
-227 -726 711 2
366 174 -377 0
-612 -329 715 2
-379 -511 647 2
112 -80 -516 0
89 -433 696 2
-506 -448 513 2
-326 -628 769 2
-269 -583 899 2
-508 -358 556 2
284 71 -579 0
-531 -455 -760 1
-643 -332 -763 1
-638 -320 -488 1
543 -159 -236 0
-421 -414 632 2
-717 -58 -499 1
-290 -109 -502 1
-646 -388 603 2
269 181 -412 0
-336 -336 -459 1
-327 -409 822 2
-511 296 343 2
-358 -258 -560 1
-348 -494 -556 1
-361 -90 -704 1
144 241 -569 0
-459 -271 -719 1
-355 -116 -705 1
-233 -378 651 2
393 240 -248 0
508 41 -478 0
-341 -596 776 2
-662 -445 -723 1
-394 -351 579 2
-294 -436 573 2
-624 -144 -475 1
509 217 646 0
-362 -639 599 2
135 -57 -282 0
-352 -472 -463 1
-358 -83 -643 1
248 251 -388 0
-474 -686 613 2
-393 -364 -352 1
-433 -731 659 2
-399 -717 773 2
417 153 -165 0
-387 -421 539 2
-645 -448 597 2
-468 -136 -709 1
261 19 -211 0
-384 -724 557 2
-481 -81 -787 1
268 151 -585 0
-445 -542 753 2
-636 -446 749 2
-578 -390 761 2
-263 250 372 2
-224 -573 536 2
-489 -612 586 2
422 110 -405 0
323 29 -389 0
-34 312 496 2
-248 -553 608 2
-402 -95 -575 1
-274 -690 870 2
-471 -486 -729 1
-464 -484 470 2
115 -37 -540 0
-349 -275 642 2
-546 -489 862 2
169 260 -389 0
-413 -486 -502 1
-411 -455 783 2
550 146 -504 0
-582 -425 473 2
317 -142 -538 0
-632 -704 910 2
-377 -417 -423 1
-462 -296 -580 1
268 85 -299 0
-495 -544 831 2
529 220 -595 0
-482 -153 -427 1
-333 -89 -597 1
-442 -377 -797 1
-737 -192 -555 1
-601 -585 473 2
-569 -328 486 2
147 276 -191 0
-731 -69 -761 1
-487 -498 656 2
485 -94 -410 0
-422 -482 682 2
-495 -195 -692 1
-715 -454 -611 1
570 288 -362 0
-601 -371 520 2
-462 -251 -573 1
469 -417 -156 0
385 56 -343 0
118 0 -430 0
-290 -111 -628 1
-359 -121 -664 1
-698 -448 -746 1
-423 -99 -670 1
-469 -543 795 2
-585 -575 775 2
-434 -367 675 2
377 -95 -278 0
451 -62 -591 0
111 -144 -412 0
-326 -344 -471 1
486 -157 544 0
-544 -366 -576 1
-540 -288 645 2
-432 -438 -686 1
-429 -673 487 2
328 289 -193 0
426 -85 -548 0
-370 -409 746 2
-442 -146 -370 1
-392 -381 669 2
-395 -511 794 2
165 -117 -182 0
-550 -385 -440 1
-559 -297 -672 1
544 -319 -620 0
-402 -268 -667 1
-206 -629 648 2
-722 -347 -362 1
-608 -49 -345 1
-434 -604 552 2
140 -61 -541 0
272 203 -617 0
-342 -690 593 2
-537 -517 703 2
431 -50 -434 0
-375 -297 -332 1
234 -108 -181 0
-682 -427 -434 1
23 126 -490 0
-526 -528 860 2
-463 -304 -565 1
-490 -498 451 2
360 -116 -335 0
-496 -369 867 2
-628 -496 -750 1
-543 -464 -462 1
-509 -301 659 2
-552 -405 794 2
-490 -612 571 2
-640 -314 680 2
-362 -348 750 2
-391 -63 -564 1
122 80 -333 0
-363 -468 521 2
-561 -79 -415 1
-497 -569 699 2
-582 -434 -347 1
411 -21 -565 0
-209 -671 777 2
-232 -735 766 2
-400 -357 562 2
-332 -357 808 2
-612 -427 -665 1
-253 -514 884 2
-346 -465 -459 1
-357 -459 -448 1
173 -144 -271 0
-576 -600 528 2
436 286 -606 0
419 -67 -603 0
-702 -261 -675 1
-258 -292 559 2
-313 -259 -659 1
300 97 -164 0
-680 -146 -477 1
-713 -373 -785 1
-643 -411 854 2
477 25 -466 0
-731 -120 -553 1
-489 -364 -373 1
-647 -461 840 2
-527 -84 -489 1
-669 -46 -394 1
326 -6 -434 0
-550 -579 741 2
286 245 -282 0
-340 -701 849 2
216 -147 -185 0
-333 -400 850 2
211 54 -231 0
-300 -304 890 2
-415 -265 -356 1
-505 -213 -540 1
-603 -436 485 2
-712 -79 -664 1
-358 -112 -494 1
-449 -422 -666 1
-394 -428 -570 1
-435 -395 -419 1
-363 -201 -402 1
-341 58 117 1
-453 -474 -633 1
-515 -401 -638 1
395 102 -420 0
-626 -199 -442 1
-457 -546 634 2
385 31 -447 0
393 -106 -438 0
441 168 -479 0
-429 -420 -443 1
-440 -178 -530 1
-398 -386 -750 1
-465 -425 -646 1
-426 -79 -735 1
-503 -111 -471 1
-217 -720 570 2
164 -95 -220 0
212 114 -496 0
325 25 -359 0
573 93 -583 0
158 255 -607 0
-527 -289 898 2
-369 -70 -746 1
402 0 -336 0
-609 -504 594 2
428 200 -406 0
-637 -662 517 2
-219 -600 740 2
112 -21 -597 0
-430 -169 -793 1
-435 -136 -543 1
-258 -320 894 2
-246 -698 681 2
-624 -464 702 2
230 -66 -188 0
315 101 -603 0
317 136 -229 0
119 -42 -342 0
329 286 -232 0
-614 -235 -783 1
-557 -441 857 2
-723 -202 -480 1
-317 -289 -467 1
-261 -629 751 2
-517 -681 833 2
-500 -123 -395 1
-332 -151 -452 1
171 -19 -510 0
-450 -282 -394 1
466 32 -576 0
477 -125 -351 0
-483 -383 -583 1
421 48 -497 0
-698 -499 -511 1
-201 -503 868 2
182 253 -408 0
-409 -671 581 2
-634 -580 647 2
-519 -70 -678 1
-634 -64 -581 1
-287 -267 -538 1
312 -58 -406 0
-421 -690 654 2
-636 -118 -368 1
516 75 -266 0
529 161 -363 0
-522 -334 566 2
278 112 -588 0
-360 -260 -442 1
296 158 -270 0
-349 -375 -658 1
-454 -169 -488 1
543 160 -615 0
395 -148 -231 0
-411 -537 687 2
560 72 -388 0
167 -141 -352 0
380 142 -615 0
321 256 -341 0
-425 -718 867 2
-617 -393 -539 1
174 0 -393 0
509 222 -504 0
460 43 -230 0
-604 -440 -648 1
-442 -677 841 2
-616 -738 818 2
507 29 -614 0
-380 -291 525 2
-480 -99 -436 1
-428 -284 462 2
-530 -248 -479 1
-290 -278 436 2
142 253 -500 0
-551 -504 546 2
528 302 -332 0
-525 -671 663 2
299 -19 -528 0
-393 -471 863 2
389 233 -473 0
310 16 -173 0
245 133 -603 0
-504 10 -458 1
-418 -563 549 2
-440 -335 823 2
-651 -439 674 2
249 -29 -583 0
-479 -482 710 2
334 196 -520 0
-319 -439 711 2
131 208 -173 0
530 244 -464 0
-318 -69 -608 1
-206 -536 691 2
202 -98 -601 0
574 -98 -278 0
145 100 -572 0
-616 -581 737 2
-705 -204 -627 1
-626 -491 -557 1
-437 -245 -764 1
146 178 -515 0
-330 -670 757 2
-324 -612 863 2
125 77 -229 0
-656 -388 653 2
-528 -387 712 2
421 41 -322 0
-604 -225 -421 1
-676 -285 -611 1
565 235 -209 0
167 286 -554 0
487 -60 -565 0
-617 -215 -741 1
-435 -451 -720 1
47 562 46 0
220 92 -491 0
339 60 -523 0
-491 -302 682 2
190 187 -201 0
-316 -583 831 2
-620 -274 842 2
126 163 -373 0
397 -107 -205 0
-32 -48 252 2
-566 -408 544 2
-567 -486 -786 1
-578 -427 799 2
-497 -360 -452 1
158 252 -249 0
-298 -102 -481 1
492 80 -365 0
-604 -156 -428 1
534 -119 -271 0
-463 -592 541 2
-313 -449 -739 1
-228 -539 869 2
-567 -339 528 2
545 264 -545 0
478 113 -194 0
-262 -324 533 2
316 72 -581 0
-342 -149 -633 1
-732 -268 -460 1
-476 -702 468 2
219 -29 -196 0
184 215 -266 0
-456 -386 683 2
-412 -467 600 2
-566 -448 665 2
-740 -206 -620 1
-702 -379 -734 1
-679 -408 -365 1
-495 -571 874 2
-495 -497 -690 1
-492 -704 541 2
552 41 -233 0
-403 -283 483 2
489 208 -579 0
257 52 -553 0
-562 -139 -342 1
-527 -280 547 2
-630 -397 -366 1
-707 -503 -735 1
291 249 -173 0
-525 -339 -484 1
-641 -349 -360 1
-43 -280 213 2
-504 -410 604 2
-586 -349 670 2
-367 -514 452 2
-571 -572 838 2
-238 -450 577 2
-436 -109 -699 1
-578 -275 623 2
-226 -635 653 2
-491 -354 -586 1
130 -59 -258 0
153 128 -165 0
-595 -60 -672 1
-441 -435 706 2
-243 -341 742 2
-505 -66 -652 1
-425 -422 548 2
-374 -339 835 2
-222 -373 476 2
231 177 -419 0
-341 -441 624 2
383 123 -388 0
-605 -560 685 2
-626 -467 684 2
218 54 -322 0
436 150 -319 0
-567 -194 -353 1
-395 -598 503 2
179 275 -340 0
-353 -336 -444 1
-519 -545 580 2
-530 682 -287 1
-480 -274 540 2
-695 -128 -652 1
202 126 -286 0
-563 -586 756 2
-451 -324 -731 1
191 -62 -315 0
-541 -731 824 2
187 -95 -212 0
-397 -354 -657 1
655 -447 -269 0
-431 -384 500 2
480 -12 -552 0
-406 -615 812 2
401 164 -177 0
-250 -697 629 2
-360 -233 -655 1
119 53 -612 0
-324 -487 -506 1
272 177 -516 0
-556 -376 780 2
-613 -644 488 2
-456 -71 -606 1
-595 -467 -375 1
121 133 -206 0
266 -109 -301 0
-323 -533 832 2
347 -118 -605 0
-535 -323 666 2
259 61 -483 0
353 170 -235 0
-417 -553 678 2
558 277 -499 0
415 269 -617 0
-257 -295 647 2
-491 -187 -644 1
414 115 -595 0
-403 -63 -389 1
255 578 181 0
-511 -191 -663 1
-297 -280 737 2
200 81 -224 0
423 152 -357 0
-620 -294 -428 1
-213 -410 457 2
356 -33 -610 0
277 -96 -357 0
-364 -600 610 2
-500 -187 -713 1
-442 -314 -596 1
366 -57 -234 0
-333 -305 -511 1
-611 -687 735 2
348 -87 -264 0
-332 -546 827 2
292 -93 -276 0
-708 -267 -639 1
-455 -295 665 2
-496 -373 516 2
-541 -398 -576 1
-396 -149 -469 1
190 -147 -565 0
-293 -574 861 2
-293 -459 -790 1
-559 -398 -618 1
-689 -387 -742 1
-15 604 296 0
-508 -232 -757 1
461 -63 -286 0
-348 -557 756 2
-286 -425 -723 1
-379 -527 862 2
487 -66 -246 0
-598 -443 668 2
-652 476 681 2
-525 -622 719 2
151 -131 -598 0
519 1 -295 0
-456 -414 -341 1
-605 -668 477 2
-571 -266 -715 1
-460 -414 -707 1
-465 -413 556 2
-210 -544 643 2
406 167 -602 0
-652 -316 -785 1
488 -22 -408 0
-475 -551 679 2
-512 -440 -542 1
-307 -739 813 2
-361 -343 497 2
516 143 -305 0
-519 -695 718 2
344 209 -518 0
-245 -365 616 2
-451 -585 766 2
525 252 -202 0
-539 -114 -371 1
-308 -398 -717 1
193 291 -368 0
-589 -78 -431 1
-296 -353 789 2
-575 -526 678 2
466 115 -532 0
694 -558 -252 0
446 175 -377 0
504 -80 -177 0
-283 -724 866 2
412 -11 -539 0
-529 -682 862 2
431 163 -278 0
209 -137 -198 0
-417 -188 -515 1
-480 -419 590 2
-742 -164 -646 1
-713 -464 -776 1
-407 -467 -430 1
-285 -284 614 2
-509 -272 -513 1
-347 -424 813 2
-538 -340 616 2
-347 -316 639 2
342 71 -517 0
-552 -87 -409 1
-336 -714 547 2
175 -79 -515 0
-574 -359 485 2
-368 -361 -478 1
-482 -282 845 2
-389 -258 -691 1
-397 -383 859 2
-468 -291 504 2
-526 -70 -405 1
-593 -297 -688 1
-367 -66 -495 1
-404 -309 -712 1
-430 -376 662 2
511 -89 -164 0
-500 -419 683 2
-461 2 183 2
479 -19 -352 0
-366 -484 502 2
-538 -704 701 2
180 115 -586 0
-587 -325 -483 1
-610 -338 -553 1
-739 -148 -426 1
545 286 -285 0
-340 -363 783 2
-602 -668 724 2
-281 -253 -391 1
-377 -529 706 2
-476 -305 -543 1
-604 -50 -406 1
-646 -377 608 2
-732 -162 -607 1
213 63 -409 0
-484 -344 623 2
289 178 -404 0
395 87 -192 0
-453 -512 791 2
-296 -366 775 2
338 65 -608 0
-211 -516 -34 1
-625 -621 496 2
-489 -547 694 2
-377 -73 -624 1
-278 -212 -466 1
-493 -362 785 2
-526 -315 -718 1
-391 -122 -727 1
535 -102 -468 0
-487 -371 507 2
-689 -101 -784 1
-468 -407 644 2
-438 -334 606 2
-591 -387 -647 1
381 178 -373 0
182 23 -543 0
-339 -203 -455 1
-398 -703 835 2
-607 -629 890 2
-535 -559 675 2
189 281 -492 0
430 295 -528 0
312 -124 -359 0
-553 -702 902 2
-456 -325 -700 1
-683 -451 -387 1
-652 -509 570 2
-244 -398 732 2
-477 -47 -371 1
-616 -116 -378 1
-647 -372 544 2
165 -134 -392 0
-208 -608 676 2
-315 -394 -646 1
-479 -288 897 2
-216 -404 490 2
-640 -495 477 2
-649 -322 -500 1
-604 -513 853 2
-399 -156 -649 1
-395 -225 -532 1
526 -101 -232 0
-299 -623 755 2
-368 -460 458 2
-381 -51 -341 1
-427 -140 -483 1
-282 -355 906 2
-394 -583 807 2
566 164 -439 0
-677 -130 -507 1
-420 -85 -680 1
-611 -306 -509 1
-520 -342 -662 1
-335 -302 -794 1
-649 -442 -553 1
-295 -551 508 2
-418 -602 819 2
-400 -578 473 2
411 175 -473 0
-535 -96 -507 1
-308 -592 498 2
354 63 -385 0
-302 -172 -788 1
188 302 -424 0
-482 -65 -582 1
-301 -475 -458 1
289 50 -357 0
-288 -557 787 2
-290 -195 -791 1
570 38 -273 0
-335 -255 -527 1
-666 -326 -642 1
185 158 -340 0
196 207 -599 0
-265 -418 606 2
-547 -721 827 2
-324 -304 -760 1
-380 -405 760 2
-472 -394 -358 1
-543 -213 -700 1
-318 -78 -383 1
-620 -314 477 2
-573 -326 -553 1
167 76 -386 0
-545 -60 -573 1
-503 -394 -479 1
410 147 -496 0
-566 -318 466 2
252 171 -315 0
271 272 -196 0
-429 -327 -560 1
-338 -314 698 2
-396 -420 -529 1
-439 -136 -525 1
-540 -110 -724 1
-279 -495 -670 1
-610 -500 735 2
458 -154 -444 0
167 -157 -168 0
-609 -473 462 2
345 180 -467 0
490 -106 -232 0
-308 -696 461 2
255 -71 -449 0
-437 -293 723 2
426 283 -293 0
-459 -705 780 2
568 97 -267 0
-636 -427 -718 1
248 304 -597 0
-392 -450 529 2
571 -46 -180 0
-33 -664 237 2
-370 -582 511 2
133 289 -398 0
-656 -630 448 2
246 117 -182 0
425 141 -466 0
128 -84 -524 0
-277 -394 550 2
362 262 -215 0
-199 -689 818 2
573 -92 -170 0
-701 -85 -640 1
-280 -484 583 2
196 91 -236 0
-609 -241 -760 1
-642 -218 -526 1
-479 497 -221 1
-619 -448 785 2
-437 -295 -779 1
-492 -367 -376 1
543 60 -218 0
-532 -293 -515 1
-539 -653 617 2
-585 -645 525 2
420 225 -271 0
-577 -86 -370 1
478 287 -609 0
139 -133 -576 0
-274 -304 754 2
-268 -518 674 2
-651 -368 741 2
162 -124 -454 0
-618 -142 -769 1
121 -4 -578 0
-376 -380 -792 1
-466 -417 730 2
-329 -263 -534 1
-193 -611 736 2
412 191 -224 0
-418 -719 857 2
241 -54 -338 0
478 -154 -182 0
-433 -682 607 2
-248 -710 682 2
273 268 -611 0
280 -29 -607 0
-562 -343 751 2
-377 -502 683 2
-538 -414 472 2
-362 -475 -742 1
-447 -213 -333 1
154 15 -491 0
-430 -649 736 2
488 47 -235 0
126 111 -323 0
-415 -645 771 2
128 180 -529 0
-473 -420 505 2
-410 -461 -713 1
544 -149 -595 0
-434 -362 502 2
-356 -131 -713 1
-402 -447 653 2
374 -103 -195 0
135 -145 -469 0
-244 -313 766 2
484 -147 -306 0
-397 -674 587 2
-643 -725 497 2
-423 -680 893 2
-640 -444 -449 1
453 169 -241 0
111 56 -169 0
161 136 -568 0
155 214 -454 0
57 28 -329 0
130 158 -594 0
151 68 -413 0
519 71 -331 0
-370 -438 -333 1
276 134 -414 0
262 -47 -441 0
469 -85 -529 0
568 -73 -580 0
-582 -239 -541 1
-589 -283 500 2
-561 -551 544 2
230 -69 -405 0
467 124 -260 0
-348 -503 599 2
-506 -634 708 2
-347 -624 537 2
-741 -50 -536 1
-699 -400 -615 1
451 130 -590 0
-363 -184 -623 1
-393 -316 635 2
-505 -460 -531 1
-529 -581 539 2
-226 -367 830 2
-724 -229 -781 1
380 -77 -567 0
478 45 -407 0
356 186 -321 0
-389 -129 -661 1
-525 -460 -641 1
111 -72 -187 0
310 -128 -433 0
-400 -679 701 2
371 -18 -351 0
406 121 -543 0
424 6 -609 0
405 -156 -621 0
-715 -73 -653 1
242 120 -464 0
-581 -304 -554 1
-481 -626 633 2
379 75 -396 0
-681 -80 -675 1
173 88 -609 0
-476 -643 753 2
-479 -576 592 2
-622 -500 714 2
-609 -204 -542 1
430 208 -185 0
-634 -517 495 2
-291 -111 -640 1
-616 -425 677 2
-530 -483 -357 1
-414 -100 -679 1
-412 -376 -409 1
-296 -445 815 2
182 135 -218 0
337 -65 -528 0
-733 -81 -473 1
-124 43 -492 0
-281 -492 707 2
-677 -404 -680 1
-532 -94 -688 1
293 -46 -183 0
-417 -204 -332 1
-311 -392 -531 1
-621 -176 -716 1
-589 -694 759 2
159 -418 -457 0
-314 -251 -394 1
277 223 -313 0
-239 -280 767 2
-473 -426 658 2
178 222 -280 0
461 -40 -500 0
-431 -314 -573 1
297 307 -622 0
-421 -713 776 2
-583 -181 -787 1
-397 -732 683 2
264 175 -619 0
322 263 -338 0
-396 -495 -745 1
-302 -195 -605 1
-288 -461 -477 1
-476 -676 729 2
-322 -184 -565 1
562 205 -187 0
-609 -388 -515 1
312 -130 -441 0
437 261 -276 0
-743 -108 -631 1
-574 -356 -531 1
314 -120 -390 0
210 40 -234 0
-645 -54 -556 1
-325 -352 -784 1
-684 -374 -369 1
-535 -93 -485 1
225 104 -243 0
-619 -349 -563 1
-443 -141 -607 1
-280 -408 492 2
-509 -68 -491 1
-289 -423 584 2
542 118 -327 0
372 -28 -551 0
-221 -726 864 2
-424 -319 -725 1
562 280 -181 0
571 215 -420 0
351 174 -349 0
-474 -585 -575 1
-601 -676 494 2
-288 -325 747 2
-303 -499 783 2
-341 -382 785 2
480 244 -483 0
374 201 -319 0
-485 -389 857 2
-449 -468 860 2
-309 -519 588 2
689 -556 -379 0
-201 -441 715 2
-377 -198 -659 1
-305 -416 756 2
242 -51 -408 0
522 14 -204 0
-555 -738 733 2
-543 -230 -537 1
-638 -261 -425 1
215 62 -523 0
-566 -179 -767 1
-301 -448 -548 1
551 99 -436 0
-690 -428 -761 1
440 73 -437 0
-484 -595 762 2
295 -63 -643 0
-530 -82 -514 1
-564 -426 -396 1
-337 -235 -411 1
181 -76 -463 0
407 -28 -194 0
125 -30 -180 0
-553 -75 -577 1
-715 -67 -487 1
-307 -433 -700 1
-400 -589 705 2
-626 -321 -591 1
-336 -534 707 2
-626 -334 486 2
-445 -201 -710 1
238 115 -299 0
331 -132 -318 0
-332 -442 632 2
-233 -296 684 2
502 52 -295 0
-700 -413 -769 1
219 106 -371 0
-205 -471 717 2
-579 -131 -693 1
-468 398 -206 1
650 -184 -17 0
288 262 -467 0
-369 -477 452 2
-318 -53 -723 1
-388 -547 866 2
-618 -506 632 2
-424 -49 -454 1
-646 -148 -581 1
118 165 -308 0
-238 -344 751 2
-731 -196 -794 1
-377 -379 674 2
327 209 -417 0
-641 -410 855 2
546 -92 -451 0
-493 -407 -734 1
-518 -501 566 2
-564 -254 -431 1
-640 -484 -638 1
-582 -191 -609 1
-551 -335 775 2
359 105 -315 0
-386 -74 -518 1
-555 -338 -433 1
269 228 -555 0
-325 -400 -721 1
476 -25 -408 0
-537 -449 803 2
-483 555 -60 1
144 -4 -318 0
-484 -319 539 2
-456 -266 -372 1
-546 -617 829 2
-196 -468 -356 1
-344 -469 -604 1
-682 -442 -604 1
-486 -274 -662 1
-250 -494 687 2
-602 -368 -511 1
-558 -286 728 2
341 -122 -326 0
326 53 -366 0
-435 -311 626 2
-378 -393 -575 1
318 168 -570 0
-631 -184 -545 1
-538 -464 869 2
-265 -517 711 2
161 287 -255 0
400 105 -246 0
435 138 -591 0
-78 -93 364 2
555 48 -619 0
254 159 -190 0
-619 -565 466 2
523 98 -555 0
-239 -708 763 2
-634 -201 -703 1
-460 -629 618 2
517 -106 -419 0
145 -55 -282 0
-648 -292 766 2
-642 -713 769 2
-404 -107 -435 1
-722 -301 -490 1
-596 -403 -695 1
-253 -458 907 2
-638 -570 494 2
-298 -179 -596 1
-655 -173 -634 1
-568 -303 -474 1
-405 -473 -344 1
-715 -434 -499 1
562 9 -295 0
-641 -345 752 2
-368 -493 -586 1
-281 -476 784 2
-661 -367 -679 1
-480 -534 784 2
340 126 -321 0
187 -8 -597 0
-678 -447 -607 1
-614 -500 -667 1
145 -99 -264 0
-537 -440 -360 1
-352 -92 -520 1
280 153 -432 0
503 193 -610 0
-354 -571 776 2
-699 -497 -592 1
-538 -623 638 2
-447 -486 819 2
-640 -534 552 2
-475 -655 863 2
-693 -477 -778 1
165 138 -191 0
-562 -658 870 2
-353 -481 685 2
563 282 -513 0
-196 -331 742 2
522 53 -480 0
-470 -488 634 2
-348 -262 -666 1
-436 -392 -779 1
-471 -641 526 2
474 222 -602 0
560 -90 -167 0
-201 -575 457 2
513 17 -437 0
425 277 -438 0
215 2 -274 0
-522 -466 -683 1
149 251 -230 0
428 110 -522 0
517 215 -396 0
392 -55 -407 0
-536 -140 -409 1
-539 -462 710 2
-489 -162 -542 1
365 99 -357 0
449 99 -466 0
-213 -686 785 2
-607 -398 -339 1
565 -67 -553 0
-322 -527 792 2
-470 -224 -423 1
-303 -75 -709 1
140 -31 -391 0
451 51 -461 0
-233 -449 845 2
-651 -361 -454 1
-720 -407 -520 1
-598 -421 614 2
370 130 -375 0
407 38 -528 0
-509 -624 757 2
-492 -102 -755 1
157 16 -351 0
-338 -109 -765 1
-388 -424 -349 1
-294 -153 -796 1
470 160 -355 0
-540 -695 834 2
-700 -133 -790 1
341 161 -583 0
516 182 -177 0
-202 -357 839 2
407 283 -427 0
328 241 -490 0
-234 -443 725 2
223 257 -311 0
-497 -484 -557 1
-324 -472 -643 1
446 -69 -627 0
-709 -161 -672 1
-375 -418 541 2
-477 -513 634 2
-207 -735 718 2
128 -10 -418 0
-589 -313 -629 1
-307 -197 -470 1
-322 -268 -339 1
179 263 -491 0
-321 -536 701 2
-524 -475 641 2
-707 -360 -585 1
266 152 -256 0
-500 -275 559 2
-260 -473 812 2
-540 -384 -652 1
-418 -535 610 2
-333 -181 -606 1
-505 -586 600 2
-423 -477 -558 1
-308 -597 492 2
-339 -238 -378 1
-397 -367 -669 1
-609 -506 -592 1
-427 -324 797 2
-504 -443 652 2
592 19 -372 0
-563 -539 768 2
282 185 -625 0
-429 -305 633 2
-392 -380 -418 1
513 181 -380 0
-490 -48 -463 1
-380 -132 -527 1
-304 -437 469 2
-701 -497 -535 1
-438 -418 755 2
-527 -312 -394 1
-311 -591 636 2
-538 -299 -426 1
345 194 -468 0
-550 -614 501 2
-228 -559 680 2
-276 -285 465 2
494 103 -624 0
-611 -345 -634 1
457 218 -385 0
438 -117 -268 0
-377 -191 -787 1
-253 -476 683 2
271 167 -567 0
-480 -92 -637 1
488 -96 -614 0
-517 -140 -375 1
-391 -471 -616 1
-279 -245 -476 1
471 88 -392 0
-106 -321 504 2
-585 -468 564 2
404 75 -323 0
-527 -381 -648 1
409 210 -333 0
-614 -503 548 2
243 209 -191 0
-579 -576 808 2
-443 -505 -608 1
355 67 -450 0
203 -67 -174 0
-376 -628 633 2
-201 -285 724 2
482 -385 -89 0
-347 -410 -787 1
-279 -475 -625 1
-610 -671 590 2
-427 -488 857 2
338 265 -271 0
444 241 -201 0
204 227 -457 0
-670 -142 -586 1
-604 -94 -614 1
-611 -383 -457 1
310 -74 -194 0
337 -660 -485 0
-591 -334 -796 1
467 -52 -501 0
390 29 -375 0
-588 -450 -384 1
-727 -308 -714 1
-286 -162 -510 1
400 158 -306 0
-218 -722 536 2
-335 -301 -762 1
322 -13 -228 0
-330 -734 837 2
-652 -71 -739 1
-690 -112 -412 1
-559 -735 778 2
-553 -289 474 2
190 -35 -298 0
-556 -487 889 2
318 294 -458 0
-558 -297 751 2
374 631 444 0
320 -127 -351 0
122 116 -170 0
483 -64 -362 0
-376 -276 -427 1
-302 -635 463 2
-326 -432 735 2
325 -114 -625 0
-588 -151 -791 1
-587 -562 466 2
154 680 366 0
-583 -418 594 2
-208 -373 806 2
-553 -698 567 2
383 216 -612 0
328 -29 -309 0
-672 -302 -776 1
425 -70 -390 0
-311 -488 -400 1
-476 -211 -715 1
322 182 -405 0
-290 -482 871 2
478 -150 -553 0
-386 -113 -499 1
-559 -392 874 2
506 194 -217 0
-383 -339 -442 1
-498 -460 909 2
-345 -488 889 2
362 -18 -305 0
-543 -569 721 2
-360 -565 498 2
-569 -135 -510 1
522 -59 -564 0
-428 631 373 2
-467 -440 -484 1
283 -111 -382 0
308 146 -193 0
-345 -49 308 2
-636 -496 195 2
-232 -585 797 2
-215 -565 555 2
-714 -163 -496 1
186 124 -577 0
483 57 -603 0
200 -64 -318 0
456 -55 -435 0
-641 -139 -660 1
402 -98 -375 0
526 61 -356 0
-444 -245 -686 1
-400 -433 -363 1
236 65 -527 0
-453 -497 -646 1
-190 -307 529 2
-243 -550 703 2
-465 -256 -796 1
-584 -224 -747 1
-631 -399 689 2
-356 -276 -576 1
-232 -461 663 2
-472 -698 659 2
558 -80 -276 0
460 2 -179 0
-625 -139 -706 1
-129 370 240 0
-419 -69 -783 1
-544 182 45 1
-469 -196 -611 1
-548 -570 476 2
315 125 -366 0
-440 -335 -673 1
-411 -105 -617 1
175 -294 -356 0
-645 -261 -556 1
-483 -422 -786 1
-645 -443 526 2
-420 -170 -545 1
357 -77 -240 0
166 294 -296 0
-612 -674 782 2
-302 -369 -581 1
428 81 -307 0
-741 -58 -573 1
-416 -600 720 2
-597 -69 -455 1
383 8 -310 0
393 174 -542 0
480 237 -321 0
-193 -496 820 2
-506 -312 -409 1
-406 -738 703 2
-601 -296 445 2
315 127 -374 0
-548 -302 654 2
-447 -377 607 2
455 -109 -244 0
-370 -168 -479 1
-454 -433 -545 1
558 173 -455 0
-616 -95 -662 1
-537 -403 737 2
283 145 -595 0
-639 -92 -583 1
-652 -430 -670 1
-437 -381 830 2
155 52 -252 0
-557 -433 855 2
426 247 -204 0
-344 -403 -527 1
547 169 -360 0
519 -319 605 2
-359 -548 654 2
243 -99 -241 0
-461 -412 -727 1
-524 -649 755 2
158 -149 -269 0
456 -16 -245 0
-302 -381 -527 1
-517 -489 582 2
-211 -615 835 2
-509 -415 -599 1
-640 -610 739 2
236 165 -472 0
-544 -485 816 2
275 -45 -441 0
-622 -446 789 2
-602 -361 -762 1
-399 -238 -440 1
-501 -500 509 2
474 232 -386 0
165 -159 -166 0
-290 -472 -612 1
320 -75 -524 0
-584 -136 -634 1
-546 -257 -739 1
-554 -46 -428 1
196 253 -579 0
-260 -466 790 2
-710 -329 -600 1
-619 -573 550 2
-742 -103 -468 1
-197 -424 641 2
-460 -472 -368 1
-310 -267 -538 1
-403 -223 -525 1
242 94 -622 0
123 191 -170 0
-307 -429 -727 1
-592 -617 696 2
-335 -215 -398 1
-296 -351 -765 1
-273 -687 679 2
-354 -444 -395 1
261 170 -338 0
176 10 -543 0
-528 -208 -519 1
268 205 -452 0
-440 -356 652 2
-649 446 418 2
-520 -270 -508 1
-537 -739 611 2
-462 -550 799 2
-371 -577 638 2
515 -46 -373 0
225 76 -498 0
386 259 -476 0
-423 -237 -737 1
425 -153 -397 0
-369 -443 -773 1
481 188 -233 0
218 52 -263 0
-230 -551 572 2
-536 -358 504 2
278 -51 -556 0
364 123 -395 0
-618 -678 882 2
139 164 -296 0
-544 -314 613 2
-331 -452 -370 1
-629 -346 665 2
271 -90 -582 0
152 -107 -222 0
-214 -527 663 2
-725 -139 -654 1
556 273 -527 0
187 -138 -327 0
398 -64 -307 0
-636 -624 451 2
-219 -661 779 2
302 215 -513 0
-360 -295 501 2
-537 -393 591 2
180 10 -385 0
-692 -265 -621 1
431 174 -242 0
136 114 -236 0
-598 -739 798 2
-433 -444 -689 1
227 282 -413 0
261 29 -396 0
179 -113 -462 0
-429 -335 447 2
229 150 -334 0
-51 276 -338 0
-283 -255 -608 1
492 -99 -582 0
-501 -321 541 2
313 196 -457 0
-374 -518 896 2
427 -30 -249 0
315 -1 -310 0
445 81 -555 0
-577 -307 -604 1
339 -75 -291 0
369 -5 -267 0
-298 -426 506 2
233 236 -283 0
660 -12 -538 0
-676 -318 -790 1
-392 -282 525 2
-411 -699 628 2
-520 -130 -769 1
151 -41 -558 0
-736 -124 -407 1
-281 -427 -475 1
328 -55 -583 0
-642 -222 -418 1
437 250 -531 0
-538 -705 820 2
-701 -393 -607 1
-476 -675 779 2
153 -135 -299 0
444 95 -463 0
-620 -400 -352 1
-344 -315 553 2
-592 -390 856 2
-541 -390 684 2
405 215 -532 0
-387 -327 518 2
271 302 -554 0
-325 -501 -584 1
-500 -388 -461 1
-355 -290 827 2
-304 -347 -684 1
483 -75 -475 0
-463 -282 535 2
-601 -498 -620 1
137 218 -608 0
167 145 -629 0
-470 -164 -362 1
379 -100 -312 0
535 37 -560 0
315 17 -500 0
-693 -308 -694 1
-619 -504 685 2
-461 -491 -794 1
-593 -386 487 2
-677 -284 -713 1
-507 -716 745 2
-383 -657 454 2
274 -17 -166 0
265 171 -274 0
189 215 -262 0
379 236 -403 0
-385 -406 -634 1
-200 -739 855 2
30 418 561 2
535 180 -361 0
332 -33 -340 0
-278 -526 908 2
-604 -230 -436 1
-566 -321 550 2
293 84 -386 0
-506 -230 -334 1
213 8 -590 0
-377 -540 519 2
422 15 -557 0
-269 -427 547 2
-437 -480 584 2
-451 -345 543 2
-587 -414 492 2
-656 -502 -359 1
118 -21 -580 0
301 185 -537 0
-412 -420 -519 1
337 163 -193 0
239 248 -521 0
-563 -523 568 2
171 -106 -253 0
553 59 -467 0
516 44 -308 0
526 -65 -476 0
-641 -548 685 2
-340 -463 768 2
137 100 -305 0
-409 -529 774 2
-426 -331 -575 1
410 -15 -563 0
286 106 -230 0
401 126 -604 0
-626 -296 477 2
-494 -294 -791 1
-371 -467 -526 1
375 -31 -527 0
-588 -65 -758 1
-565 -443 583 2
-410 -302 774 2
-351 -402 -796 1
488 117 -180 0
-579 -450 584 2
-539 -465 -561 1
309 101 -398 0
-385 -340 -509 1
183 271 -605 0
-364 -445 -579 1
149 -544 -329 0
-195 -604 534 2
-500 -689 463 2
-384 -302 767 2
233 198 -384 0
-288 -613 464 2
-652 -381 868 2
-556 -93 28 1
-546 -318 537 2
-712 -400 -408 1
285 -129 -252 0
-584 -689 901 2
421 212 -379 0
-629 -468 828 2
-287 -583 739 2
478 283 -273 0
-569 -483 729 2
-368 -226 -480 1
-645 -367 663 2
-499 -377 683 2
478 119 -174 0
-419 -113 -574 1
-501 -392 -772 1
246 288 -247 0
-359 -562 552 2
-357 -246 -449 1
477 165 -581 0
-562 -475 -728 1
-629 -74 -686 1
-216 -315 678 2
-557 -390 -623 1
-597 -291 -472 1
-607 -692 468 2
-517 -442 901 2
-357 -455 625 2
-361 -597 656 2
-458 -378 -549 1
-376 -562 617 2
-208 -592 635 2
-342 -267 -569 1
-653 -217 -635 1
524 68 -204 0
-575 -674 704 2
113 222 -338 0
-454 -455 650 2
-547 -474 -649 1
-412 -215 -607 1
465 -9 280 0
182 -28 -301 0
184 -62 -271 0
-522 -442 -361 1
506 96 -200 0
221 -57 -441 0
-593 -53 -753 1
-345 -719 902 2
238 10 -297 0
269 -145 -344 0
-636 -119 -666 1
213 -22 -500 0
474 -123 -422 0
-582 -607 511 2
-584 -177 -663 1
-387 -419 656 2
-682 -457 -503 1
-387 -373 726 2
-252 -275 664 2
-412 168 -646 1
-340 -479 853 2
513 186 -379 0
-698 -442 -575 1
-648 -691 659 2
-398 -169 -488 1
-436 -668 644 2
153 9 -585 0
223 86 -281 0
195 239 -364 0
-506 -521 468 2
-536 -393 -422 1
580 127 -106 0
501 -159 -376 0
-482 -239 -682 1
153 150 -406 0
-724 -237 -605 1
365 201 -468 0
-347 -440 -756 1
537 -61 -230 0
522 -80 -538 0
-382 -392 -582 1
-294 -485 474 2
185 219 -341 0
-532 -69 -415 1
520 -13 -428 0
-347 -620 780 2
-679 -137 -395 1
-650 -672 887 2
-493 -358 545 2
-619 -62 -528 1
-304 -142 -470 1
449 75 -619 0
-437 -390 -429 1
-501 -456 -337 1
-460 -686 531 2
-529 -532 672 2
-719 -452 -482 1
-502 -434 589 2
-447 -219 -457 1
363 -110 -459 0
-319 -478 -442 1
-707 -158 -543 1
230 -152 -617 0
-241 -351 463 2
-542 -214 -474 1
-229 -479 518 2
-686 -405 -732 1
524 262 -349 0
489 175 -405 0
-363 -423 894 2
-598 -208 -754 1
-486 -469 605 2
-610 -674 612 2
-538 -140 -738 1
371 -40 -321 0
206 281 -175 0
-275 -582 585 2
248 -129 -554 0
-430 -179 -610 1
-512 -241 -462 1
262 171 -241 0
-350 -436 -460 1
474 141 -478 0
481 -155 -526 0
-606 -675 575 2
302 184 -551 0
-565 -495 639 2
442 -61 -405 0
171 188 -510 0
316 -139 -236 0
-407 -491 459 2
-662 -324 -766 1
282 2 -380 0
-624 -410 -735 1
-392 -337 -403 1
-627 -720 758 2
-559 -305 573 2
-397 -267 -676 1
392 215 -364 0
-389 -316 -490 1
-385 -291 748 2
-357 -275 -480 1
309 -117 -493 0
-413 -625 479 2
-534 -156 -630 1
-544 -384 574 2
626 247 667 0
501 -17 -238 0
-697 -312 -611 1
-679 -452 -485 1
-546 -397 481 2
542 -110 -489 0
-652 -123 -735 1
-419 -463 649 2
-286 -586 648 2
-539 -387 708 2
-640 -486 816 2
282 -123 -241 0
144 54 -507 0
-421 -274 659 2
222 70 -190 0
-585 -500 679 2
-448 -626 618 2
-574 -292 -782 1
532 -87 -560 0
-541 -601 768 2
415 162 -523 0
-574 -573 540 2
-300 -242 -343 1
-350 -124 -524 1
-591 -330 -613 1
267 -7 -340 0
-531 -205 -638 1
309 -83 -317 0
-496 -143 -419 1
550 -18 -394 0
-350 -308 -393 1
-512 -702 532 2
-483 -622 618 2
-651 -477 603 2
-364 -477 -706 1
547 64 -604 0
-418 -336 -443 1
-529 -707 507 2
112 106 -574 0
-277 -701 459 2
-487 -532 717 2
-721 -329 -427 1
494 -118 -590 0
-578 -508 -712 1
-482 -450 -782 1
-574 -347 -773 1
-492 -173 -789 1
359 9 -272 0
-375 -312 552 2
-335 -677 455 2
-267 -346 493 2
173 -132 -332 0
-208 -494 585 2
-639 -230 -495 1
-283 -131 -677 1
-505 -398 -682 1
471 285 -588 0
-304 -461 878 2
379 -60 -527 0
-190 -415 193 2
-259 -606 625 2
241 232 -506 0
-513 -455 -395 1
-379 -389 909 2
444 194 -571 0
-476 -489 -629 1
-262 -546 696 2
-381 -572 651 2
-270 -300 620 2
-323 -703 724 2
560 -6 -255 0
-623 -512 850 2
-314 -268 -674 1
-481 -138 -683 1
373 220 -356 0
-443 -451 -482 1
-251 -430 620 2
520 -137 -376 0
-648 395 503 2
496 173 -414 0
-424 -311 -792 1
630 9 -668 0
-576 -384 -728 1
187 277 -492 0
-330 -414 -564 1
-331 -75 -596 1
-338 -420 882 2
-527 -344 -474 1
-321 -250 -622 1
-500 -283 803 2
-325 -116 -587 1
-341 -606 818 2
310 41 -456 0
-671 -406 -359 1
537 285 -590 0
216 235 -217 0
150 134 -265 0
-379 -285 -347 1
-388 -328 -369 1
-552 -321 -469 1
-393 -446 -672 1
130 286 -471 0
-707 -390 -521 1
-345 -313 699 2
-413 -330 798 2
294 -44 -187 0
-696 -455 -19 1
-305 -121 -708 1
365 198 -391 0
-364 -127 -707 1
353 -137 -320 0
112 293 -466 0
352 194 -470 0
361 -159 -418 0
237 -30 -386 0
252 -133 -452 0
-304 -478 -734 1
519 -80 -258 0
551 10 -610 0
-299 -488 830 2
537 -572 524 2
-516 -355 462 2
312 197 -310 0
-407 -394 501 2
527 176 -389 0
337 18 -180 0
-570 -673 570 2
-615 -473 490 2
282 178 -306 0
