10
10000
54 70 46 
30 63 72 
77 72 12 
96 70 75 
17 94 56 
24 70 63 
79 73 25 
76 26 87 
38 34 8 
71 65 75 
83 51 29 
60 32 94 
29 23 93 
84 92 67 
15 48 33 
57 43 10 
86 42 83 
40 60 31 
3 10 37 
71 71 30 
60 52 31 
87 82 85 
35 17 77 
3 80 96 
37 5 22 
41 33 60 
41 78 40 
41 81 73 
99 12 86 
51 93 4 
56 27 2 
9 23 83 
97 74 39 
79 79 11 
41 67 91 
98 25 36 
70 80 32 
57 20 39 
73 72 80 
22 64 1 
89 15 9 
23 67 61 
0 82 16 
94 74 79 
18 1 94 
72 23 19 
2 17 61 
76 14 18 
7 72 54 
79 52 27 
38 20 62 
56 50 3 
63 4 11 
0 85 70 
89 49 50 
28 32 92 
31 8 40 
0 59 59 
88 97 9 
99 60 14 
12 32 17 
9 68 26 
34 54 64 
43 55 91 
23 97 66 
33 31 42 
53 55 50 
39 13 31 
70 58 40 
2 79 28 
75 75 67 
21 48 49 
65 94 10 
10 84 29 
54 67 42 
59 1 59 
55 1 85 
68 66 64 
24 50 62 
7 98 57 
39 63 38 
32 71 69 
93 63 14 
25 97 78 
83 81 10 
68 50 94 
61 56 36 
27 79 49 
82 71 72 
22 86 86 
69 89 48 
84 20 63 
97 10 0 
47 11 67 
39 90 1 
69 29 64 
15 51 5 
72 41 36 
2 52 18 
36 63 52 
10 23 19 
85 77 16 
26 72 9 
88 20 30 
89 94 88 
30 56 70 
43 39 30 
45 68 83 
74 92 35 
85 55 39 
56 1 86 
68 75 71 
66 0 78 
41 11 72 
26 54 67 
41 28 25 
23 42 0 
33 83 70 
58 54 51 
0 73 35 
39 50 97 
5 50 63 
60 11 33 
63 76 72 
46 58 38 
20 64 15 
71 72 94 
67 89 67 
38 13 75 
25 23 83 
16 14 74 
32 70 9 
9 79 62 
98 8 95 
60 90 13 
4 6 44 
94 1 51 
35 16 83 
43 66 11 
95 31 2 
41 83 2 
52 72 39 
4 45 35 
52 49 89 
86 26 24 
3 64 22 
32 54 42 
17 38 33 
9 29 27 
20 93 80 
50 82 10 
86 48 46 
80 29 10 
50 70 66 
86 25 90 
54 84 92 
90 74 46 
5 53 17 
18 96 22 
74 74 79 
41 33 59 
13 6 65 
85 36 62 
75 95 21 
61 13 69 
25 21 12 
44 7 0 
57 66 13 
58 11 73 
64 63 24 
90 7 7 
64 34 23 
94 98 35 
34 61 40 
44 94 62 
40 5 87 
16 24 15 
3 59 87 
96 26 25 
51 30 60 
68 45 12 
67 97 0 
92 67 42 
56 17 47 
54 19 28 
7 74 58 
32 79 20 
86 83 65 
29 85 33 
46 83 27 
60 83 93 
11 84 37 
58 10 38 
60 7 82 
11 44 11 
19 71 24 
85 24 2 
94 85 42 
10 75 78 
36 33 54 
91 72 60 
19 10 54 
11 13 52 
56 93 57 
94 66 45 
65 25 21 
25 78 12 
57 18 7 
1 15 40 
95 66 21 
20 40 49 
4 96 9 
74 48 19 
10 10 48 
76 84 92 
55 87 14 
16 0 42 
80 3 82 
87 23 6 
12 13 78 
76 83 93 
26 69 97 
75 58 24 
49 8 3 
35 7 92 
3 16 87 
60 78 61 
66 58 89 
76 82 26 
27 92 41 
63 12 22 
32 30 93 
78 75 82 
44 1 51 
11 28 91 
16 66 99 
76 1 90 
65 90 0 
39 65 96 
32 65 23 
4 6 87 
32 94 99 
56 20 55 
74 50 34 
65 96 47 
84 14 95 
94 28 74 
31 80 72 
46 25 70 
27 91 47 
55 57 80 
13 1 43 
2 75 63 
91 9 43 
24 94 65 
49 95 51 
83 30 91 
99 55 34 
39 8 19 
64 14 75 
47 91 3 
38 63 35 
30 44 51 
1 59 70 
71 3 66 
25 50 59 
77 6 88 
83 71 41 
86 12 91 
64 49 83 
19 70 48 
32 89 87 
72 71 6 
82 42 40 
18 17 72 
20 43 63 
6 29 94 
15 55 80 
10 91 40 
50 9 24 
12 6 37 
31 88 12 
58 96 94 
66 72 37 
92 42 86 
51 42 13 
75 76 72 
67 33 9 
81 23 79 
36 0 58 
98 15 6 
17 88 37 
60 60 96 
19 19 90 
3 72 85 
36 83 96 
2 15 72 
4 62 97 
86 74 18 
82 5 95 
55 26 41 
43 48 39 
9 56 64 
66 25 65 
62 72 56 
72 60 4 
51 16 12 
28 93 37 
84 79 87 
75 11 35 
80 32 78 
4 82 6 
48 93 85 
81 74 49 
35 24 17 
89 96 53 
80 90 10 
16 15 39 
67 16 45 
89 82 97 
22 42 81 
72 55 31 
80 78 30 
25 17 81 
41 77 5 
17 12 8 
91 73 31 
76 68 6 
90 17 66 
94 69 89 
52 72 34 
62 71 67 
56 60 20 
86 80 59 
98 3 46 
88 15 89 
50 67 17 
10 67 26 
71 36 74 
46 69 48 
45 99 99 
99 40 26 
58 83 81 
46 77 32 
48 14 58 
19 40 44 
83 93 22 
74 61 66 
62 73 85 
69 72 81 
96 36 78 
71 62 19 
1 96 11 
66 64 82 
5 31 66 
78 67 27 
61 35 81 
90 34 34 
97 28 61 
58 82 90 
14 68 73 
7 35 17 
21 14 29 
96 45 75 
25 57 43 
86 7 47 
55 20 99 
16 98 26 
40 20 81 
96 1 2 
57 96 18 
23 71 72 
62 28 24 
11 20 16 
18 78 97 
1 90 54 
35 28 33 
30 43 31 
14 50 67 
65 76 89 
7 10 59 
96 70 88 
20 54 52 
52 94 88 
84 92 28 
34 46 32 
60 48 99 
58 44 48 
51 10 98 
0 60 95 
9 78 62 
68 68 24 
27 3 65 
72 13 92 
34 30 1 
42 4 6 
12 55 70 
91 57 20 
24 39 32 
55 41 7 
9 4 17 
94 25 42 
95 0 36 
8 70 69 
10 35 17 
29 71 68 
68 95 25 
88 2 93 
49 81 95 
56 52 97 
60 85 55 
43 49 5 
66 73 88 
22 18 73 
79 24 82 
43 85 67 
66 95 50 
69 36 30 
44 81 32 
62 29 19 
23 37 84 
48 90 48 
41 53 97 
21 97 57 
33 79 48 
36 19 97 
59 83 27 
84 17 58 
57 81 66 
15 67 84 
61 70 95 
73 41 10 
10 85 24 
77 4 93 
33 16 85 
30 85 16 
61 62 76 
32 97 63 
32 36 61 
65 3 26 
82 85 52 
98 40 24 
9 56 51 
17 35 41 
25 25 37 
13 38 26 
7 57 75 
62 48 56 
49 68 47 
6 60 47 
40 57 32 
65 2 64 
48 35 89 
57 45 76 
68 58 71 
54 6 97 
70 34 66 
85 65 13 
49 48 92 
67 86 78 
77 25 89 
28 40 20 
73 11 43 
2 58 16 
2 88 67 
17 4 71 
35 4 77 
68 68 67 
14 47 89 
92 63 99 
2 47 3 
81 0 37 
27 88 29 
93 84 54 
61 19 18 
79 14 88 
2 50 45 
56 0 8 
26 83 29 
26 18 90 
75 16 74 
94 97 27 
95 73 46 
8 35 44 
51 64 22 
37 65 43 
71 47 48 
75 77 54 
64 31 16 
74 12 56 
74 87 50 
80 74 11 
77 76 45 
16 79 81 
53 67 42 
72 29 57 
58 22 26 
50 25 64 
33 28 90 
42 18 10 
58 43 27 
37 15 71 
47 51 80 
28 48 74 
68 63 70 
91 12 31 
76 70 5 
96 98 6 
11 94 73 
35 74 33 
62 50 88 
53 87 12 
13 77 52 
26 66 53 
34 34 94 
90 74 85 
33 68 83 
9 71 65 
35 46 58 
98 74 72 
94 10 28 
21 94 72 
49 24 28 
50 40 82 
24 74 31 
96 71 39 
93 32 32 
37 88 74 
91 10 3 
55 74 26 
16 30 15 
18 7 69 
9 27 85 
42 19 96 
73 13 8 
38 9 49 
14 33 27 
78 55 51 
48 32 69 
54 12 94 
44 53 20 
82 66 6 
26 40 89 
47 2 92 
2 9 61 
92 54 36 
80 44 93 
4 57 23 
17 99 74 
95 82 36 
8 29 42 
0 46 5 
76 7 81 
10 95 99 
12 25 8 
79 89 39 
97 28 48 
40 57 62 
8 21 2 
38 7 26 
18 60 6 
85 71 8 
41 61 21 
6 18 53 
39 27 45 
31 88 17 
76 35 34 
44 62 22 
24 32 33 
43 32 3 
32 50 86 
38 28 48 
60 72 16 
40 52 66 
40 53 45 
33 54 65 
58 58 9 
73 17 1 
98 33 61 
88 69 13 
5 56 30 
48 36 86 
60 29 38 
15 34 18 
81 3 2 
57 17 36 
71 86 64 
76 72 73 
19 7 84 
7 12 73 
11 71 89 
12 8 1 
24 59 31 
68 71 94 
73 30 65 
30 64 24 
9 47 47 
38 28 88 
28 56 43 
75 6 82 
37 91 41 
77 11 33 
26 46 92 
40 1 71 
16 21 51 
95 37 47 
23 61 51 
76 64 70 
53 7 46 
19 99 96 
94 36 80 
90 7 23 
12 5 47 
86 96 79 
10 8 34 
84 20 98 
83 70 64 
88 17 42 
71 10 26 
66 19 6 
87 97 42 
32 34 16 
18 85 45 
35 70 97 
70 90 64 
20 2 9 
55 26 25 
0 79 12 
18 38 60 
39 47 38 
95 91 11 
99 67 41 
84 98 28 
9 71 23 
61 9 92 
23 58 63 
31 84 24 
48 89 77 
71 64 25 
41 77 15 
13 26 48 
34 73 62 
83 31 35 
64 76 39 
90 68 94 
80 97 36 
64 56 46 
38 83 86 
93 17 97 
50 12 0 
38 68 43 
6 32 37 
47 2 95 
7 39 33 
80 71 73 
10 37 88 
7 62 4 
50 70 81 
86 89 44 
97 71 64 
10 66 56 
39 64 34 
81 24 11 
4 73 49 
91 52 34 
15 20 50 
22 21 98 
12 36 11 
1 56 66 
79 5 54 
30 42 6 
51 5 54 
26 73 3 
65 38 69 
83 84 12 
56 23 25 
80 56 39 
41 92 68 
29 38 37 
39 32 93 
64 53 24 
79 81 98 
10 90 42 
39 76 34 
4 9 75 
28 23 85 
87 95 63 
95 91 79 
97 36 33 
8 63 60 
77 36 47 
89 57 18 
59 31 66 
54 91 91 
4 90 75 
80 71 40 
92 22 72 
61 17 74 
8 73 53 
58 45 3 
74 94 70 
74 43 11 
52 52 94 
44 53 61 
36 51 62 
77 69 89 
91 49 76 
72 3 51 
83 79 27 
57 55 39 
88 18 65 
54 75 88 
33 0 51 
10 41 36 
35 7 39 
15 26 32 
84 69 18 
13 80 6 
49 22 13 
36 13 7 
76 67 57 
52 45 66 
64 72 12 
88 64 83 
79 96 71 
43 83 49 
53 32 83 
64 49 44 
94 35 91 
10 45 33 
76 61 33 
25 45 63 
89 68 60 
36 57 41 
39 96 24 
48 71 88 
64 59 27 
95 42 63 
23 23 11 
94 49 71 
78 80 63 
84 24 58 
54 61 6 
60 50 50 
91 39 49 
32 10 56 
44 71 15 
1 29 17 
23 70 33 
9 54 78 
21 9 40 
65 28 55 
44 58 32 
27 72 6 
37 78 55 
23 91 85 
52 49 47 
12 45 75 
62 43 18 
39 97 11 
12 42 86 
25 71 80 
77 33 39 
19 44 52 
55 6 34 
57 95 78 
40 39 34 
38 30 74 
56 42 99 
67 10 63 
15 54 24 
8 40 83 
69 47 10 
49 34 43 
30 91 34 
22 34 97 
22 12 34 
7 57 94 
91 69 85 
23 98 98 
34 34 85 
77 83 76 
20 31 16 
84 81 28 
26 76 13 
60 11 57 
48 21 44 
3 10 4 
74 88 16 
18 72 54 
99 18 76 
90 46 73 
46 17 97 
89 99 56 
57 73 90 
28 81 48 
54 21 53 
17 68 65 
51 23 55 
11 50 82 
66 33 61 
20 25 91 
63 54 47 
14 24 57 
10 18 20 
66 69 86 
39 40 79 
63 50 37 
20 38 81 
22 0 4 
72 50 2 
98 57 51 
76 58 48 
57 5 93 
63 56 96 
22 58 38 
24 52 1 
12 44 83 
24 27 21 
3 34 99 
4 78 8 
98 40 63 
9 57 36 
88 9 48 
11 42 49 
54 44 38 
58 4 91 
9 69 11 
94 72 9 
20 87 52 
94 21 39 
81 25 84 
4 22 9 
89 53 64 
14 93 68 
98 42 99 
62 78 38 
13 88 97 
44 68 98 
20 59 41 
16 96 70 
8 87 48 
10 78 43 
48 87 33 
20 61 87 
98 74 45 
0 98 38 
61 8 25 
59 60 28 
48 4 86 
14 95 96 
0 27 62 
64 16 7 
25 21 1 
18 54 23 
1 56 98 
78 77 37 
13 8 17 
75 35 32 
85 57 55 
86 7 5 
65 46 18 
33 45 95 
17 12 22 
4 49 77 
67 62 36 
77 68 80 
94 18 19 
42 26 85 
24 16 89 
78 65 13 
16 2 92 
60 17 86 
53 80 11 
78 23 86 
77 6 72 
41 7 8 
9 11 26 
82 45 96 
8 62 13 
6 43 79 
40 17 44 
12 53 71 
39 68 23 
82 96 44 
51 47 68 
40 9 45 
57 58 56 
58 5 49 
30 4 39 
67 35 13 
82 94 31 
16 54 55 
31 93 53 
74 40 4 
18 20 45 
46 22 61 
65 3 79 
75 77 2 
31 62 10 
23 79 2 
33 80 9 
82 1 71 
72 7 77 
57 97 61 
65 87 59 
80 29 10 
77 91 31 
38 10 19 
42 50 51 
23 80 0 
55 10 15 
18 52 51 
51 96 9 
26 88 38 
51 93 35 
20 99 37 
43 18 68 
21 86 72 
79 42 90 
11 46 52 
36 40 80 
66 65 64 
75 38 82 
14 79 5 
24 24 21 
29 41 50 
80 17 68 
92 45 63 
36 77 4 
94 65 88 
63 59 3 
13 42 5 
78 27 79 
52 35 28 
32 87 24 
97 94 66 
56 59 90 
88 16 93 
94 73 44 
64 58 42 
75 64 27 
38 60 11 
69 10 27 
58 2 61 
65 1 90 
49 33 45 
36 78 96 
60 25 42 
11 53 25 
78 49 40 
66 38 90 
91 71 45 
82 17 35 
15 40 47 
56 40 44 
79 34 73 
44 42 40 
6 79 34 
57 18 2 
76 14 9 
16 94 66 
17 67 49 
46 80 17 
7 41 68 
52 20 27 
49 30 72 
99 52 34 
91 75 20 
53 66 72 
95 25 29 
2 53 74 
46 44 34 
44 35 94 
45 85 53 
93 53 77 
18 6 9 
53 17 72 
19 38 56 
42 0 5 
86 84 86 
59 88 64 
35 51 50 
34 66 14 
99 23 83 
36 71 89 
3 93 82 
7 98 76 
69 33 23 
2 28 75 
92 43 10 
25 75 31 
48 70 66 
81 44 52 
65 66 59 
12 40 61 
53 86 94 
41 48 28 
45 76 29 
96 12 59 
0 94 69 
21 97 39 
54 32 53 
6 87 88 
64 85 51 
1 60 13 
91 1 46 
12 9 20 
15 49 1 
81 99 19 
1 2 49 
62 6 52 
19 53 18 
32 95 0 
34 92 32 
73 45 82 
33 40 80 
78 75 56 
91 2 82 
51 79 63 
35 73 39 
56 21 85 
89 28 57 
25 2 77 
25 60 93 
25 62 38 
20 72 63 
69 54 73 
45 77 31 
7 91 62 
52 75 37 
42 84 1 
1 80 28 
3 52 15 
11 13 69 
71 98 8 
18 64 25 
74 19 83 
70 12 45 
30 8 98 
87 45 99 
61 82 55 
45 32 60 
16 71 48 
17 49 57 
45 11 70 
49 4 22 
18 61 68 
78 59 37 
33 16 99 
39 83 20 
19 28 56 
76 92 8 
78 5 53 
35 45 95 
23 82 48 
13 13 42 
40 11 72 
56 85 8 
36 62 22 
76 13 55 
15 38 37 
97 73 38 
78 97 96 
52 71 93 
68 55 93 
8 56 68 
97 61 21 
18 21 29 
2 13 11 
61 28 94 
19 33 19 
68 83 13 
13 21 25 
30 78 16 
94 83 52 
46 50 15 
70 39 99 
46 10 60 
49 76 73 
66 26 39 
24 26 60 
31 79 2 
40 39 98 
10 84 54 
88 52 58 
14 4 94 
31 39 13 
53 19 14 
30 56 7 
23 62 55 
76 16 18 
80 97 50 
20 17 65 
16 26 14 
73 0 48 
89 26 1 
36 52 17 
5 47 75 
41 15 53 
10 52 17 
21 17 27 
54 8 23 
76 5 69 
51 99 91 
89 21 50 
22 61 19 
62 83 84 
57 1 77 
58 75 74 
16 24 20 
38 20 47 
86 20 89 
25 23 24 
7 92 72 
5 89 17 
86 85 28 
23 63 87 
45 86 61 
57 29 54 
18 85 69 
54 3 34 
89 69 62 
54 3 53 
93 90 57 
2 96 49 
75 7 40 
2 87 17 
71 17 77 
33 69 15 
36 10 52 
13 48 64 
18 42 42 
44 61 58 
2 15 77 
1 48 59 
11 47 81 
25 64 24 
68 89 62 
66 89 19 
85 39 97 
13 56 71 
41 85 6 
85 95 68 
60 10 37 
95 59 11 
67 7 98 
14 68 71 
13 69 39 
50 77 17 
52 38 65 
66 82 11 
4 26 47 
97 85 29 
82 89 58 
13 77 16 
90 61 74 
29 0 27 
65 68 78 
3 71 99 
62 0 30 
61 65 41 
41 92 39 
65 29 24 
35 53 42 
37 44 58 
2 12 89 
53 96 14 
55 50 34 
46 78 98 
33 15 18 
75 30 80 
27 29 34 
35 67 69 
20 45 40 
28 26 71 
1 2 40 
70 11 0 
63 13 31 
22 78 66 
32 13 70 
74 37 52 
35 22 37 
22 97 54 
73 47 89 
32 57 79 
27 38 2 
84 43 51 
53 19 47 
25 19 46 
55 81 56 
55 3 76 
90 40 64 
20 86 30 
66 21 84 
79 35 82 
3 53 17 
80 56 7 
94 78 86 
55 81 81 
32 81 6 
70 89 49 
24 84 97 
46 95 19 
22 6 39 
15 63 35 
80 50 69 
81 24 4 
81 65 41 
50 12 81 
21 5 38 
45 26 31 
16 82 63 
13 82 32 
58 70 8 
37 30 69 
58 33 95 
33 8 95 
60 83 8 
56 47 2 
91 52 67 
48 36 62 
8 71 51 
20 28 84 
25 37 38 
14 19 54 
32 24 70 
65 14 42 
71 98 7 
46 33 9 
17 67 75 
87 59 56 
2 70 86 
27 25 52 
97 47 65 
48 11 55 
96 9 22 
3 25 58 
93 57 21 
59 59 7 
48 51 70 
4 59 77 
49 85 91 
64 24 87 
65 93 66 
93 68 48 
44 72 69 
65 39 55 
38 23 31 
72 30 43 
90 44 98 
55 44 2 
48 36 56 
18 3 1 
86 89 60 
16 6 80 
43 41 71 
0 85 79 
10 15 39 
45 90 33 
64 33 21 
48 9 33 
46 52 95 
38 10 60 
93 19 70 
84 68 36 
12 75 62 
64 30 97 
98 87 28 
20 56 5 
23 47 0 
12 83 63 
82 94 8 
97 38 32 
64 80 58 
71 75 31 
74 14 79 
63 41 67 
4 84 25 
68 19 42 
66 79 60 
51 60 23 
55 19 98 
22 93 36 
64 40 90 
97 48 91 
12 90 91 
53 99 43 
12 44 38 
60 97 64 
79 25 78 
3 13 91 
43 98 39 
68 65 56 
56 69 70 
8 11 36 
10 0 26 
82 22 8 
70 86 7 
51 32 76 
85 79 39 
50 54 3 
25 24 88 
72 10 57 
38 29 36 
38 45 71 
83 12 95 
50 49 14 
81 35 21 
86 22 58 
17 86 88 
99 57 59 
22 75 88 
15 10 0 
14 12 88 
75 39 77 
42 95 17 
84 97 97 
46 69 18 
80 81 82 
68 13 29 
74 77 84 
44 66 61 
12 77 34 
43 9 65 
66 30 49 
18 44 29 
95 48 23 
56 46 36 
56 72 57 
73 95 17 
82 89 89 
73 74 11 
99 64 26 
94 55 0 
15 85 63 
1 2 69 
64 27 81 
7 67 27 
51 13 48 
31 46 26 
30 54 20 
86 19 62 
92 43 10 
1 48 21 
86 45 90 
22 19 68 
78 62 11 
90 97 73 
34 9 62 
33 34 91 
19 14 15 
83 36 66 
97 84 60 
92 94 59 
5 13 24 
70 55 18 
82 35 61 
14 92 21 
91 51 70 
46 97 43 
36 77 0 
72 92 39 
69 38 17 
88 58 56 
1 49 95 
63 43 66 
91 77 24 
56 79 71 
49 83 4 
46 84 45 
50 70 25 
86 42 32 
36 47 26 
45 97 87 
37 26 33 
25 49 69 
16 34 49 
6 41 62 
33 5 53 
2 36 28 
5 57 89 
89 66 59 
27 66 86 
72 19 46 
87 5 0 
96 85 70 
32 87 89 
68 50 76 
25 25 91 
46 33 87 
25 61 50 
68 83 29 
69 63 55 
39 95 5 
7 98 60 
27 70 2 
65 62 64 
87 3 3 
31 71 5 
47 28 30 
20 43 3 
90 56 60 
63 6 55 
46 9 0 
46 94 70 
99 16 12 
97 5 22 
9 9 1 
44 54 86 
4 72 27 
40 98 96 
31 12 15 
43 19 52 
39 63 42 
66 20 12 
86 52 15 
73 91 82 
53 25 54 
31 53 34 
71 45 26 
52 50 60 
54 15 33 
53 1 55 
14 79 69 
84 79 86 
20 73 45 
30 52 78 
66 3 54 
98 38 20 
22 78 15 
57 71 49 
33 60 16 
27 82 72 
7 15 65 
35 90 22 
20 40 86 
3 72 30 
38 75 78 
6 43 18 
75 67 22 
38 77 20 
39 49 27 
79 78 95 
98 22 44 
17 51 32 
31 30 35 
67 89 39 
67 50 16 
1 76 26 
83 38 97 
59 80 41 
95 90 96 
18 53 8 
8 41 5 
65 13 63 
36 90 90 
81 38 71 
39 40 90 
28 12 82 
24 6 48 
68 3 43 
92 39 31 
78 12 6 
69 97 99 
88 57 96 
63 26 58 
70 46 93 
21 34 40 
48 25 82 
70 56 56 
18 89 51 
87 15 97 
70 59 71 
78 64 47 
97 19 9 
32 24 50 
57 84 23 
12 15 61 
84 17 23 
66 87 80 
23 89 5 
91 69 60 
62 17 53 
63 7 68 
88 74 3 
8 77 86 
22 82 30 
66 33 46 
17 34 85 
95 49 40 
48 11 61 
54 70 92 
50 3 37 
18 99 85 
39 30 12 
58 26 60 
24 27 57 
37 97 9 
89 94 17 
64 12 58 
88 40 43 
39 21 11 
87 56 3 
52 24 28 
0 5 48 
25 57 53 
34 95 40 
55 50 59 
19 36 52 
24 38 80 
20 44 91 
43 59 64 
46 91 15 
67 95 42 
50 8 36 
32 79 66 
35 35 6 
71 98 84 
72 18 73 
61 58 96 
28 49 14 
79 69 36 
57 44 18 
38 23 43 
66 11 17 
61 58 82 
4 51 70 
69 91 5 
29 78 32 
58 80 71 
62 87 29 
13 73 20 
32 31 54 
36 88 14 
58 18 0 
9 42 4 
92 54 4 
52 86 12 
89 14 17 
41 58 88 
1 21 32 
57 57 36 
94 47 19 
79 49 14 
70 60 73 
89 29 28 
49 66 68 
72 92 11 
59 11 35 
51 94 40 
46 63 32 
38 78 8 
69 11 15 
65 94 98 
49 22 59 
86 18 53 
1 71 49 
34 3 79 
17 4 49 
75 62 88 
60 85 90 
91 33 83 
55 7 12 
85 98 6 
74 59 9 
33 71 96 
62 89 97 
67 9 54 
29 59 19 
71 28 86 
46 42 81 
31 90 18 
90 46 81 
18 55 51 
14 40 41 
72 28 31 
91 6 20 
38 98 43 
1 34 0 
75 46 39 
87 45 2 
97 95 35 
70 88 2 
45 90 24 
15 7 28 
33 26 8 
62 44 30 
77 21 47 
50 20 17 
87 63 0 
16 64 22 
78 51 88 
4 28 2 
3 11 24 
30 19 73 
34 49 99 
30 69 47 
0 58 85 
96 38 82 
49 95 58 
10 84 67 
32 64 70 
52 37 17 
17 40 26 
1 22 61 
90 78 24 
72 7 59 
26 78 58 
80 54 61 
31 57 89 
17 79 27 
65 65 32 
8 56 62 
91 65 51 
85 1 21 
20 62 53 
83 31 7 
11 71 38 
89 90 99 
30 0 75 
7 87 32 
11 9 72 
62 42 0 
60 41 60 
82 12 18 
21 90 55 
2 62 5 
66 33 13 
25 83 32 
83 56 59 
99 88 10 
42 11 29 
34 17 90 
7 81 76 
58 78 54 
12 77 12 
85 3 18 
70 24 44 
21 27 21 
18 92 3 
22 9 38 
6 73 6 
96 44 90 
70 82 73 
59 43 55 
25 11 59 
11 26 68 
64 60 76 
68 35 29 
53 11 31 
42 78 5 
44 41 30 
92 78 23 
93 77 73 
25 57 41 
74 12 56 
49 37 64 
36 59 75 
53 60 16 
49 13 0 
23 91 47 
99 7 28 
18 52 15 
62 6 63 
34 91 22 
9 58 18 
10 4 32 
56 22 47 
28 73 44 
1 87 10 
56 78 11 
27 27 22 
43 47 1 
38 69 7 
59 40 62 
74 68 17 
17 44 59 
19 79 54 
37 8 73 
17 68 31 
79 32 75 
67 53 45 
28 93 50 
7 90 84 
70 36 87 
58 37 36 
16 41 86 
6 84 41 
44 73 78 
88 24 50 
18 90 10 
87 12 8 
21 26 52 
14 59 42 
41 55 90 
22 29 38 
64 76 92 
72 22 91 
64 60 56 
15 4 62 
55 37 92 
7 41 71 
32 82 93 
17 30 20 
73 92 16 
9 14 64 
85 24 82 
84 15 34 
66 7 70 
10 90 1 
26 14 30 
58 41 47 
7 87 48 
73 49 91 
26 75 72 
23 33 79 
56 27 8 
2 68 74 
49 0 52 
55 57 76 
75 54 77 
88 42 58 
72 32 13 
75 4 14 
88 91 20 
7 76 14 
3 83 46 
6 44 17 
71 22 2 
0 13 78 
61 70 9 
26 96 53 
12 62 86 
93 11 4 
40 0 7 
43 97 69 
76 77 17 
87 75 85 
29 69 9 
93 49 77 
56 30 16 
46 94 13 
18 99 39 
1 68 34 
66 10 19 
33 52 24 
51 93 15 
79 39 13 
59 44 77 
76 84 67 
23 94 62 
16 90 37 
91 40 98 
17 6 81 
31 9 25 
37 81 23 
59 86 58 
91 14 26 
99 59 29 
85 91 94 
36 26 55 
63 9 42 
93 39 75 
91 43 60 
20 65 59 
76 59 76 
44 83 45 
22 11 53 
20 41 4 
93 46 42 
75 37 44 
23 86 79 
84 81 13 
18 7 57 
66 51 42 
42 16 47 
9 75 90 
45 84 15 
33 2 64 
85 23 5 
22 49 4 
59 44 47 
18 0 88 
48 63 57 
53 95 72 
96 48 61 
77 45 65 
79 1 16 
99 78 85 
56 50 24 
63 1 41 
99 16 89 
0 2 23 
56 84 65 
15 5 17 
46 71 32 
54 95 22 
1 72 2 
49 37 17 
44 81 77 
87 54 54 
59 35 76 
55 70 2 
63 27 40 
3 86 42 
56 47 83 
18 50 67 
27 21 23 
39 10 32 
24 87 10 
99 95 76 
87 39 85 
33 38 62 
78 77 90 
67 43 47 
35 78 69 
72 73 17 
85 23 41 
75 53 67 
89 48 82 
29 33 37 
64 73 6 
76 22 70 
80 55 50 
69 59 96 
68 30 36 
30 56 13 
85 67 41 
95 20 41 
69 43 95 
28 95 8 
67 69 57 
78 67 97 
17 73 2 
49 12 57 
53 34 41 
37 53 11 
60 55 42 
84 89 59 
83 31 19 
87 25 29 
82 16 79 
44 2 86 
21 72 1 
82 7 9 
42 79 34 
53 3 34 
67 7 20 
10 45 91 
70 51 74 
32 62 4 
41 66 14 
88 14 93 
9 30 21 
16 76 34 
18 27 12 
69 78 78 
32 52 69 
94 78 47 
59 45 34 
55 0 0 
61 62 73 
65 22 62 
28 20 89 
51 18 94 
25 55 80 
24 88 78 
82 42 48 
96 70 64 
6 85 58 
32 95 77 
48 40 48 
0 17 27 
6 74 78 
8 12 48 
56 12 47 
36 11 1 
15 84 34 
94 97 98 
23 39 66 
90 70 70 
73 1 18 
23 71 28 
36 52 8 
56 10 60 
90 59 39 
1 98 71 
11 3 67 
33 42 96 
80 26 22 
75 63 18 
0 16 69 
29 43 54 
90 38 12 
51 54 46 
81 29 51 
95 25 1 
0 55 17 
38 65 49 
54 31 46 
7 25 72 
57 99 7 
21 76 89 
47 5 21 
70 3 22 
98 35 87 
58 51 31 
26 73 43 
75 59 18 
59 99 42 
85 76 37 
37 35 42 
86 94 54 
7 85 40 
37 57 25 
42 59 29 
41 95 45 
20 99 43 
55 80 18 
87 57 72 
35 1 64 
73 99 14 
20 94 62 
65 37 14 
13 2 46 
56 79 66 
52 5 91 
58 82 63 
59 3 83 
98 40 89 
59 58 41 
81 19 65 
90 37 3 
68 8 2 
61 16 64 
63 31 78 
74 88 77 
12 94 49 
42 48 96 
20 91 58 
66 47 74 
97 1 19 
89 41 72 
44 15 26 
41 47 51 
54 96 26 
57 48 76 
49 43 48 
24 19 85 
66 17 77 
4 4 82 
36 64 80 
7 1 18 
71 10 30 
39 94 42 
7 75 67 
77 24 92 
27 91 50 
71 30 2 
16 23 99 
69 76 6 
82 29 12 
75 12 47 
8 48 46 
7 66 96 
91 81 81 
89 83 40 
63 76 68 
4 14 41 
89 87 51 
53 70 21 
84 3 11 
93 39 88 
68 84 36 
29 2 89 
45 35 45 
71 11 48 
92 46 84 
26 35 11 
80 52 79 
87 85 21 
20 72 12 
65 68 10 
25 0 66 
62 59 46 
38 69 52 
28 21 98 
30 62 52 
99 96 34 
52 41 65 
71 51 60 
4 41 80 
35 6 6 
78 69 26 
3 8 76 
39 24 88 
63 2 59 
82 22 90 
20 66 97 
73 64 53 
91 27 21 
51 87 79 
74 25 57 
18 53 80 
2 85 11 
12 59 84 
23 28 51 
12 20 82 
27 47 25 
83 62 17 
47 58 84 
34 27 26 
53 95 92 
73 26 49 
46 55 95 
31 50 59 
77 44 46 
49 56 82 
44 52 38 
57 7 41 
86 55 21 
51 0 65 
50 78 48 
43 36 70 
91 10 0 
18 72 43 
64 39 19 
50 49 95 
57 27 81 
78 62 33 
36 24 13 
14 90 35 
85 92 62 
12 90 21 
94 16 58 
33 27 4 
2 46 31 
94 38 16 
84 76 5 
59 49 45 
32 12 51 
78 5 11 
87 4 27 
4 5 26 
49 69 68 
1 14 41 
92 29 69 
22 53 14 
83 12 70 
36 91 90 
8 42 7 
21 12 30 
81 43 4 
26 9 58 
2 76 67 
89 40 98 
7 82 39 
64 19 95 
6 88 26 
47 50 53 
47 18 11 
88 13 7 
66 45 78 
15 32 88 
98 38 26 
25 16 63 
30 21 85 
40 99 9 
76 76 24 
33 30 41 
24 92 8 
12 5 93 
57 4 46 
99 12 54 
89 97 3 
71 27 0 
16 59 45 
55 56 19 
10 8 39 
45 19 90 
2 25 75 
83 81 50 
30 4 16 
10 17 23 
28 87 25 
16 22 33 
7 66 56 
31 4 93 
1 38 50 
57 35 43 
71 91 42 
66 24 14 
40 21 36 
58 11 58 
87 61 55 
66 56 49 
27 14 48 
49 18 55 
32 59 18 
76 39 77 
64 35 80 
91 10 65 
52 80 51 
98 98 44 
56 80 82 
16 31 81 
1 37 0 
75 93 84 
79 41 15 
0 15 67 
9 43 27 
1 12 54 
86 42 3 
45 28 68 
34 84 99 
19 77 0 
3 8 78 
72 5 80 
16 28 56 
39 3 90 
6 44 26 
54 63 64 
60 30 82 
2 95 13 
58 88 76 
25 36 50 
49 43 9 
95 81 35 
68 42 57 
52 72 26 
86 37 16 
47 30 69 
91 39 96 
69 26 31 
63 31 51 
37 77 39 
12 25 95 
31 33 11 
34 69 81 
37 52 68 
79 58 17 
90 17 9 
31 63 86 
95 27 32 
0 61 53 
46 57 8 
90 61 75 
31 69 50 
69 3 89 
27 80 36 
14 33 79 
68 34 76 
83 88 98 
56 24 58 
53 99 66 
39 75 23 
93 75 8 
60 48 36 
92 11 14 
48 8 96 
71 1 43 
12 79 88 
76 66 42 
69 24 63 
62 61 67 
52 99 5 
68 86 18 
26 22 45 
23 93 10 
15 14 74 
51 73 3 
69 50 34 
20 95 34 
30 71 92 
28 63 89 
91 44 54 
97 51 66 
66 61 65 
74 31 31 
67 94 5 
89 95 51 
80 2 64 
4 53 91 
28 92 85 
13 79 9 
20 93 11 
10 9 35 
14 66 84 
49 84 11 
40 2 37 
48 27 27 
61 83 34 
48 32 26 
27 6 28 
96 34 27 
93 66 17 
81 58 13 
49 85 61 
52 54 69 
59 87 66 
70 0 90 
37 50 8 
11 82 83 
51 43 33 
17 78 68 
46 87 95 
26 34 28 
76 65 4 
30 98 82 
29 87 63 
70 7 85 
15 89 63 
72 47 36 
41 41 62 
85 18 58 
24 63 61 
29 60 30 
95 86 52 
58 70 9 
34 58 32 
40 81 16 
69 43 30 
95 14 80 
91 68 83 
94 98 85 
64 10 81 
94 68 45 
65 76 32 
38 29 0 
37 50 91 
61 6 52 
10 87 47 
4 70 79 
74 42 75 
40 8 25 
4 80 59 
72 21 84 
62 48 14 
85 66 27 
5 33 84 
59 97 89 
1 81 85 
69 30 89 
59 36 14 
28 45 67 
40 10 76 
89 38 22 
66 46 97 
20 3 73 
50 32 19 
69 73 24 
93 49 9 
85 58 11 
98 56 11 
71 57 2 
22 8 4 
35 66 82 
50 63 53 
82 49 95 
74 97 21 
72 93 59 
25 86 45 
12 5 74 
97 12 76 
75 10 85 
47 1 48 
33 17 68 
4 84 24 
75 84 8 
84 45 11 
54 0 79 
39 74 29 
89 10 31 
54 38 53 
32 17 13 
46 46 96 
92 56 43 
25 2 95 
7 28 12 
39 86 31 
59 42 73 
94 64 73 
75 39 73 
91 99 25 
16 62 7 
89 36 79 
86 56 9 
28 83 29 
85 99 20 
29 87 84 
56 31 53 
56 32 96 
91 95 33 
35 69 89 
32 31 96 
9 97 81 
43 10 40 
22 38 12 
71 66 39 
42 45 9 
61 65 62 
41 63 33 
85 69 92 
43 6 75 
79 98 81 
87 22 93 
49 33 91 
18 5 97 
14 35 70 
25 12 70 
81 19 63 
13 37 54 
11 68 79 
47 49 48 
55 64 22 
90 49 8 
97 52 96 
78 50 2 
19 26 11 
95 26 47 
46 35 43 
51 80 85 
7 9 83 
36 58 9 
85 17 66 
24 14 86 
31 99 51 
68 19 23 
23 32 28 
47 32 6 
73 38 70 
33 48 28 
39 80 58 
10 41 22 
76 67 15 
27 12 45 
40 69 71 
57 52 52 
26 9 15 
96 37 48 
91 54 76 
79 35 37 
69 35 43 
32 46 17 
54 9 57 
23 16 66 
99 99 80 
92 19 41 
48 25 50 
11 30 39 
18 52 8 
75 58 62 
58 45 84 
88 3 99 
21 99 39 
61 66 94 
94 28 36 
60 37 40 
71 96 19 
97 44 57 
55 23 93 
80 64 9 
50 84 45 
17 35 43 
53 95 86 
67 84 83 
19 42 64 
97 91 58 
29 24 89 
21 73 81 
23 70 38 
37 88 11 
15 63 60 
73 62 76 
51 67 27 
24 77 75 
3 12 98 
39 10 29 
36 54 24 
59 31 94 
9 17 31 
84 3 1 
50 94 73 
80 50 0 
21 65 1 
9 72 45 
28 74 32 
54 95 69 
68 91 92 
47 29 57 
50 70 43 
64 9 42 
99 94 78 
39 30 15 
27 68 42 
75 63 38 
14 11 73 
7 88 77 
19 38 13 
68 96 53 
84 67 26 
11 27 44 
2 15 24 
99 96 58 
50 0 17 
60 64 41 
71 99 60 
46 95 91 
44 51 52 
17 70 4 
6 37 79 
57 42 62 
24 15 32 
93 62 8 
44 64 87 
1 51 5 
85 3 13 
88 88 50 
22 78 40 
1 49 51 
65 74 77 
98 73 37 
93 92 50 
40 90 86 
21 39 75 
38 72 61 
29 30 18 
63 1 22 
46 82 57 
10 39 83 
6 80 44 
56 57 60 
10 39 30 
65 94 40 
3 69 61 
14 79 77 
64 13 20 
72 88 81 
18 0 30 
18 52 41 
35 46 78 
3 78 39 
90 22 62 
66 40 62 
83 90 17 
42 87 9 
94 61 36 
23 79 68 
57 75 84 
96 34 64 
20 95 55 
27 73 52 
24 16 17 
9 78 47 
62 89 14 
4 74 99 
93 50 3 
77 78 84 
76 91 78 
42 38 71 
57 77 75 
80 82 80 
0 30 9 
99 51 45 
24 0 80 
2 0 93 
55 0 99 
31 0 68 
63 96 29 
34 47 69 
25 14 22 
97 75 26 
56 19 38 
27 76 47 
1 39 10 
82 48 90 
66 26 21 
49 48 8 
45 46 50 
48 14 79 
77 20 78 
38 57 84 
0 59 91 
88 84 64 
80 52 47 
65 44 38 
41 18 44 
22 15 29 
39 25 76 
78 6 13 
59 61 44 
61 54 63 
18 13 83 
58 37 14 
46 51 95 
81 95 7 
48 44 45 
9 57 36 
97 64 48 
19 72 9 
18 34 78 
5 74 60 
75 82 4 
41 69 14 
84 33 46 
39 30 67 
70 35 97 
51 92 9 
81 9 29 
75 65 99 
81 6 66 
98 52 76 
31 44 5 
68 29 3 
67 81 52 
19 1 11 
9 32 16 
69 41 55 
47 29 56 
1 83 44 
66 65 22 
46 63 30 
13 36 36 
58 2 29 
30 0 84 
91 78 39 
28 83 93 
34 91 57 
26 79 8 
95 70 16 
22 48 45 
10 13 78 
76 4 45 
93 53 93 
42 36 59 
93 91 46 
80 18 45 
11 92 33 
14 55 46 
38 5 6 
36 98 79 
33 89 89 
9 58 94 
30 51 41 
70 77 7 
83 34 60 
43 37 66 
38 22 99 
67 85 30 
14 33 67 
65 91 94 
54 77 29 
76 41 73 
89 90 87 
83 91 75 
55 99 61 
1 71 86 
10 73 29 
77 83 22 
14 29 99 
91 93 62 
10 62 76 
76 90 70 
31 51 77 
22 36 87 
76 36 85 
68 9 45 
0 25 76 
53 70 35 
50 24 43 
63 95 57 
9 95 98 
1 35 98 
1 34 76 
41 60 64 
61 53 17 
67 56 94 
8 93 15 
87 83 67 
19 51 82 
20 84 32 
20 6 29 
30 56 42 
8 29 15 
11 85 93 
21 21 42 
32 53 66 
46 33 59 
39 93 52 
34 3 56 
97 38 65 
79 30 2 
69 57 11 
12 69 85 
6 19 75 
67 6 33 
2 27 53 
39 38 1 
13 13 21 
73 41 46 
0 70 15 
33 7 42 
36 60 20 
33 84 51 
59 18 56 
85 82 75 
36 40 82 
35 65 28 
28 87 92 
91 81 1 
25 37 30 
31 47 64 
63 37 7 
42 7 14 
9 23 34 
62 65 58 
95 60 30 
76 69 88 
96 50 96 
98 85 67 
98 10 29 
38 41 50 
3 83 9 
5 3 5 
18 76 24 
2 79 92 
67 89 24 
56 19 79 
58 62 25 
25 28 14 
97 39 28 
53 7 57 
9 64 45 
58 89 7 
5 36 90 
84 38 0 
66 25 52 
74 67 52 
99 73 35 
79 70 81 
82 55 72 
86 89 65 
13 97 13 
69 45 82 
52 99 1 
27 99 43 
74 78 3 
7 40 20 
10 17 58 
4 96 36 
88 72 90 
47 7 99 
39 83 28 
64 68 58 
85 71 56 
95 26 80 
85 31 9 
77 73 0 
39 61 68 
76 45 8 
98 53 68 
66 60 32 
16 61 47 
11 30 40 
41 41 55 
59 92 59 
29 11 8 
18 27 87 
32 13 14 
80 81 21 
32 47 51 
40 72 19 
68 20 83 
83 94 67 
79 50 28 
4 11 3 
73 76 49 
23 34 46 
78 34 10 
37 84 97 
96 27 28 
38 91 41 
73 12 69 
16 98 92 
80 81 71 
40 75 80 
41 32 96 
87 51 52 
47 64 3 
16 61 66 
11 38 50 
71 23 67 
79 18 78 
68 32 33 
73 6 95 
61 54 27 
86 24 89 
26 57 91 
83 12 40 
87 14 21 
42 79 0 
47 92 30 
49 1 30 
63 72 1 
36 4 28 
29 92 52 
71 22 39 
79 94 50 
28 19 7 
87 28 29 
72 79 93 
47 40 49 
51 74 46 
33 53 83 
99 60 63 
46 77 78 
89 96 34 
40 56 60 
66 10 96 
37 22 49 
15 86 5 
90 69 68 
98 74 10 
74 10 20 
26 94 58 
71 85 21 
35 70 56 
84 0 34 
3 98 74 
42 60 78 
32 53 76 
97 15 11 
91 16 15 
25 58 58 
90 45 34 
21 65 81 
56 1 50 
78 23 96 
12 92 5 
69 74 21 
72 45 55 
42 84 94 
95 42 78 
27 74 21 
94 70 28 
23 31 3 
14 27 53 
55 57 97 
41 55 70 
43 64 98 
32 25 26 
46 7 81 
24 57 0 
65 82 39 
69 61 83 
66 57 48 
62 54 71 
2 24 32 
48 5 95 
92 3 28 
80 81 25 
83 30 7 
51 2 59 
7 20 42 
0 78 19 
54 11 34 
49 66 56 
55 79 27 
81 6 5 
32 85 89 
92 99 93 
37 12 12 
43 20 91 
76 75 95 
40 77 91 
84 80 31 
76 28 33 
79 76 49 
94 54 70 
17 47 20 
75 6 53 
43 67 58 
96 39 56 
92 19 76 
63 60 84 
67 52 41 
85 35 11 
6 73 19 
26 91 55 
88 49 56 
58 34 42 
39 68 22 
13 90 18 
80 67 35 
91 28 37 
8 21 49 
15 50 96 
19 28 53 
98 65 81 
81 36 99 
11 25 7 
56 33 73 
86 12 44 
96 39 38 
80 47 68 
38 98 65 
93 3 92 
96 85 9 
37 72 86 
10 50 6 
39 55 66 
78 62 52 
32 95 62 
22 13 81 
55 0 77 
19 88 16 
40 17 90 
90 4 79 
70 57 76 
14 2 60 
22 64 38 
14 12 95 
99 45 48 
18 15 34 
30 3 57 
0 11 58 
80 32 23 
96 92 95 
22 61 78 
14 63 81 
4 40 95 
20 41 22 
23 14 93 
26 54 92 
42 53 53 
54 28 39 
31 93 57 
95 96 36 
65 86 22 
53 76 21 
42 58 83 
29 92 71 
25 9 12 
98 60 11 
6 5 74 
36 53 56 
19 56 36 
2 79 25 
74 11 30 
88 6 79 
56 26 14 
42 52 36 
86 34 75 
87 37 34 
93 73 44 
59 93 30 
61 52 17 
64 13 95 
50 91 75 
32 36 2 
28 23 6 
15 55 11 
63 53 17 
41 28 51 
44 66 59 
11 86 58 
23 76 11 
88 27 12 
66 16 51 
99 73 60 
43 13 69 
53 54 43 
15 24 39 
46 46 56 
34 25 68 
26 47 42 
57 38 3 
32 11 16 
70 26 23 
85 73 56 
77 89 98 
55 42 82 
88 89 29 
80 6 90 
13 12 6 
18 35 58 
51 15 38 
50 49 56 
72 5 52 
38 85 32 
73 5 11 
98 33 53 
76 27 0 
22 47 31 
13 63 3 
80 17 0 
24 18 22 
55 78 13 
49 15 57 
90 15 14 
55 48 85 
55 86 60 
10 80 17 
14 29 84 
74 91 74 
53 8 76 
44 28 90 
31 5 13 
52 72 83 
64 83 40 
44 99 38 
38 25 54 
30 45 11 
60 54 40 
38 41 45 
60 87 29 
34 33 77 
8 91 56 
92 90 46 
70 53 77 
31 89 46 
8 30 36 
7 86 68 
96 61 91 
50 59 96 
94 47 70 
77 21 97 
6 10 4 
84 57 65 
91 9 72 
62 62 90 
62 81 26 
98 21 78 
54 45 83 
20 75 70 
25 80 26 
19 0 61 
44 8 75 
64 96 81 
0 3 55 
2 7 88 
51 55 63 
8 65 95 
85 18 72 
2 55 32 
35 68 14 
9 89 80 
15 27 65 
68 49 92 
45 75 4 
47 77 29 
98 91 7 
66 62 71 
95 43 72 
60 60 42 
54 51 76 
60 5 42 
32 65 49 
62 84 25 
3 64 0 
5 73 37 
20 69 59 
33 66 34 
95 7 70 
83 77 19 
55 88 32 
91 23 21 
57 6 59 
1 33 16 
48 48 0 
63 68 94 
9 34 6 
26 25 34 
89 90 36 
0 21 84 
65 68 79 
83 66 36 
6 56 44 
37 46 99 
7 50 40 
86 44 77 
58 69 17 
82 47 13 
10 83 89 
5 96 42 
4 12 18 
79 8 98 
93 54 45 
88 13 24 
70 27 98 
58 52 87 
54 80 44 
27 56 2 
99 13 47 
84 93 22 
52 9 49 
40 32 35 
15 0 21 
28 89 0 
90 23 71 
16 24 11 
85 86 6 
72 78 30 
86 77 36 
97 17 49 
44 91 40 
44 24 48 
27 97 38 
53 87 85 
70 57 20 
99 42 12 
15 92 17 
40 92 43 
1 87 78 
19 57 23 
11 9 22 
66 68 74 
85 3 46 
95 15 72 
55 3 84 
77 98 18 
51 31 40 
98 79 97 
66 61 86 
85 2 89 
44 63 57 
48 13 68 
37 62 81 
80 78 80 
1 35 48 
63 3 1 
91 94 47 
74 15 30 
8 38 58 
97 77 49 
1 76 66 
66 25 16 
64 24 83 
54 52 54 
32 68 14 
28 68 87 
54 96 87 
0 4 33 
19 99 39 
76 3 34 
72 32 43 
14 78 79 
0 77 36 
56 95 6 
62 59 62 
72 52 8 
58 90 6 
98 44 7 
50 21 1 
28 41 44 
93 89 15 
96 63 90 
99 66 96 
62 43 36 
46 40 98 
14 11 51 
0 48 33 
4 13 69 
78 80 61 
6 59 92 
88 19 98 
99 49 96 
72 26 61 
79 73 58 
32 38 61 
41 96 57 
51 12 27 
90 3 92 
81 77 38 
28 57 34 
38 82 31 
58 68 56 
85 94 35 
41 46 81 
86 53 9 
92 0 96 
32 50 72 
72 51 14 
35 27 83 
62 95 95 
11 33 92 
29 91 43 
3 2 54 
0 67 92 
13 36 6 
65 54 80 
58 36 36 
28 80 13 
13 74 65 
82 93 43 
90 48 99 
96 45 46 
53 40 34 
29 12 93 
89 69 5 
4 59 71 
11 75 80 
94 76 56 
85 67 37 
28 74 28 
35 3 63 
32 74 34 
21 56 71 
25 59 93 
40 15 82 
88 72 5 
59 25 86 
88 93 26 
93 47 55 
8 79 17 
27 85 48 
1 52 13 
46 7 41 
18 81 61 
95 44 56 
42 18 56 
66 9 6 
72 29 9 
55 93 78 
41 60 15 
57 9 8 
34 36 45 
9 36 88 
35 5 62 
45 90 3 
71 92 33 
26 65 16 
97 40 46 
19 85 87 
73 64 33 
14 78 58 
15 47 99 
9 19 47 
8 2 82 
70 50 34 
50 55 25 
47 45 36 
96 4 20 
91 89 59 
42 59 59 
59 26 58 
9 27 6 
76 33 78 
74 83 78 
60 53 45 
81 56 10 
4 57 47 
37 40 29 
16 69 43 
64 80 31 
7 90 28 
88 30 62 
59 12 87 
22 86 23 
71 59 40 
63 16 49 
79 23 45 
93 61 10 
16 64 26 
38 4 33 
1 38 9 
92 4 87 
17 89 47 
79 11 35 
83 55 68 
78 60 42 
82 30 56 
29 59 11 
80 66 70 
28 34 44 
10 68 49 
11 1 96 
83 30 80 
44 57 50 
26 75 28 
26 74 46 
60 11 99 
43 25 18 
97 40 59 
86 93 28 
44 25 27 
48 14 70 
66 40 22 
20 53 61 
27 76 8 
11 92 88 
60 29 88 
82 56 85 
67 58 65 
22 7 86 
55 25 57 
86 40 64 
94 13 70 
25 17 74 
59 10 8 
23 60 56 
70 93 33 
39 47 87 
36 78 12 
72 56 22 
63 3 37 
64 6 40 
11 62 78 
41 88 60 
47 6 53 
29 50 42 
78 45 61 
44 12 38 
25 60 3 
59 59 60 
49 41 52 
67 80 19 
85 56 31 
41 48 23 
65 42 12 
67 95 20 
62 18 59 
58 13 10 
74 34 33 
67 96 42 
42 45 67 
17 33 41 
18 78 22 
86 52 78 
90 4 80 
18 32 3 
22 63 18 
99 42 31 
89 86 63 
54 41 40 
53 45 94 
72 71 22 
77 54 63 
85 62 86 
74 12 40 
27 1 74 
56 46 15 
80 79 24 
38 48 22 
37 79 76 
44 3 29 
49 48 64 
8 55 20 
41 15 38 
89 21 25 
79 68 99 
8 37 41 
51 32 95 
7 98 30 
45 88 85 
14 82 80 
52 20 81 
70 90 30 
93 48 60 
68 58 53 
79 0 22 
57 92 90 
17 78 9 
37 64 94 
94 10 20 
27 12 8 
12 5 33 
25 42 84 
47 22 65 
41 34 88 
37 18 37 
86 83 41 
18 79 16 
62 82 62 
45 59 71 
56 20 43 
26 60 3 
2 90 48 
57 22 24 
59 88 94 
53 12 46 
16 20 75 
62 18 65 
19 40 21 
91 52 10 
36 88 90 
22 37 31 
90 87 20 
43 64 41 
48 97 85 
97 96 39 
66 0 79 
23 75 28 
3 92 52 
53 35 50 
64 14 56 
7 3 50 
0 12 20 
18 73 51 
65 0 80 
8 22 19 
39 98 38 
1 35 75 
31 89 87 
35 57 19 
0 8 42 
71 31 90 
87 29 1 
28 30 26 
9 72 56 
9 54 45 
70 39 91 
24 41 3 
76 96 9 
1 26 76 
7 85 84 
34 60 98 
68 65 21 
31 89 72 
28 98 35 
75 92 32 
26 9 11 
45 39 66 
21 30 3 
17 18 67 
77 47 98 
19 20 83 
66 14 75 
74 64 1 
8 40 82 
45 53 46 
81 2 22 
0 55 17 
64 77 14 
50 68 75 
20 77 70 
42 82 87 
40 54 99 
78 63 89 
53 44 76 
69 48 84 
33 37 59 
77 63 16 
67 63 27 
21 92 21 
16 20 60 
98 34 89 
4 60 50 
62 61 97 
14 21 56 
72 79 84 
94 87 3 
25 42 46 
66 89 79 
24 31 30 
26 18 34 
96 49 17 
52 85 12 
60 41 39 
47 46 85 
95 71 58 
87 24 25 
19 89 73 
7 31 6 
85 58 15 
38 84 24 
5 21 56 
72 47 98 
37 49 47 
49 40 8 
71 41 26 
31 77 38 
64 90 92 
47 46 81 
57 29 47 
55 19 41 
52 28 36 
61 3 78 
64 84 65 
64 54 79 
6 22 36 
68 96 86 
90 2 42 
44 67 18 
89 64 25 
53 57 12 
24 76 15 
78 84 90 
1 10 35 
22 29 71 
70 33 30 
98 47 58 
49 49 93 
55 28 74 
29 29 66 
36 50 83 
34 8 39 
85 37 99 
89 45 89 
1 91 58 
98 17 15 
36 91 14 
67 41 29 
57 0 28 
58 26 1 
3 17 2 
96 44 38 
78 61 2 
21 50 0 
25 61 30 
23 73 30 
25 28 69 
83 81 69 
43 51 88 
71 37 26 
22 75 14 
79 87 96 
65 93 72 
70 28 68 
27 96 54 
64 73 37 
45 59 67 
26 26 21 
24 89 50 
29 50 0 
92 3 33 
54 90 99 
47 54 55 
49 68 89 
81 55 65 
38 64 33 
5 58 34 
17 40 51 
83 40 24 
66 55 85 
40 81 29 
37 38 66 
19 78 67 
65 56 94 
71 64 67 
64 31 0 
92 95 58 
18 26 61 
63 82 51 
3 53 12 
44 28 77 
68 90 80 
19 84 1 
89 60 82 
24 39 13 
69 11 17 
84 37 74 
75 56 29 
19 54 9 
57 48 60 
93 8 79 
18 69 27 
67 35 99 
72 21 50 
20 84 39 
85 96 6 
38 65 5 
72 89 59 
55 74 10 
2 76 50 
20 26 40 
48 28 8 
18 6 95 
73 66 23 
77 60 3 
39 72 17 
88 41 66 
7 90 43 
58 81 99 
46 45 90 
50 30 20 
98 26 11 
73 29 99 
47 63 25 
30 0 69 
48 50 81 
20 67 33 
87 53 71 
60 34 65 
16 16 84 
93 60 0 
3 0 56 
18 74 66 
77 50 67 
56 51 95 
69 14 67 
0 87 35 
26 29 17 
56 0 86 
44 4 83 
28 90 4 
27 73 18 
5 71 75 
41 29 20 
88 98 41 
0 32 44 
45 68 60 
80 83 99 
66 65 0 
84 60 75 
17 14 10 
23 3 78 
91 55 44 
40 54 20 
77 47 53 
75 88 30 
19 89 51 
34 51 51 
33 34 1 
10 31 73 
8 80 96 
14 48 94 
41 68 50 
93 27 29 
86 4 75 
3 89 96 
25 72 68 
44 85 22 
2 18 4 
27 20 96 
55 57 19 
3 65 44 
4 27 8 
66 13 74 
21 10 86 
2 12 86 
36 76 88 
50 61 74 
54 29 43 
83 95 26 
30 50 25 
33 31 86 
8 36 80 
36 99 89 
51 48 15 
19 60 31 
56 85 6 
39 30 25 
62 91 57 
20 17 39 
47 97 84 
48 85 58 
55 83 84 
1 11 98 
74 44 91 
65 25 27 
30 51 6 
55 1 8 
18 81 59 
40 54 75 
73 69 23 
76 44 32 
72 13 95 
71 44 45 
20 97 50 
62 92 93 
7 62 66 
12 27 76 
85 63 58 
78 19 38 
62 59 26 
68 77 34 
18 77 89 
81 47 49 
32 1 90 
54 8 7 
60 25 65 
98 95 14 
87 97 29 
46 15 64 
84 21 35 
52 36 58 
7 63 28 
77 16 3 
25 29 40 
68 37 34 
22 26 90 
48 86 66 
50 71 48 
78 1 84 
74 47 93 
49 75 19 
27 26 5 
0 15 30 
25 93 57 
6 8 1 
81 98 70 
31 14 58 
92 88 4 
99 89 49 
95 90 68 
8 85 19 
24 20 96 
59 36 85 
17 61 23 
90 12 78 
60 45 80 
97 33 48 
16 47 35 
87 70 67 
80 32 79 
30 79 34 
28 36 87 
18 79 18 
45 55 77 
55 38 6 
9 94 67 
74 68 16 
97 42 48 
66 64 26 
90 41 74 
97 88 84 
10 7 43 
56 59 59 
37 85 64 
58 13 38 
38 54 63 
65 34 90 
93 49 38 
92 35 71 
56 51 70 
0 11 57 
70 63 6 
70 12 62 
17 2 47 
52 15 11 
71 19 82 
72 98 75 
71 16 31 
77 85 27 
83 32 42 
18 59 71 
50 90 24 
63 14 0 
93 1 92 
78 36 55 
77 80 59 
23 30 60 
99 45 4 
80 90 16 
24 97 41 
32 67 38 
40 68 12 
84 40 73 
44 84 88 
94 85 8 
10 25 78 
46 73 42 
24 58 87 
71 56 20 
22 87 59 
3 12 81 
71 62 26 
72 41 71 
13 42 3 
58 71 30 
48 65 75 
25 32 30 
16 75 88 
94 65 65 
46 79 22 
5 53 82 
54 12 4 
68 82 29 
32 18 23 
93 17 36 
13 67 36 
42 74 84 
2 80 26 
62 46 33 
16 49 19 
36 79 17 
18 87 28 
83 61 99 
83 43 71 
4 24 20 
42 42 0 
77 5 46 
96 37 74 
84 43 47 
13 88 47 
81 37 43 
9 70 21 
49 69 81 
33 1 68 
36 67 61 
56 56 5 
9 43 82 
76 27 51 
46 81 62 
64 55 58 
18 75 15 
83 88 58 
23 71 99 
23 93 84 
40 20 28 
56 34 21 
25 55 85 
60 11 45 
54 92 63 
7 82 19 
33 73 41 
20 87 53 
64 74 69 
1 72 74 
31 51 29 
50 90 94 
4 10 94 
44 16 91 
34 96 54 
6 60 80 
23 47 34 
78 52 37 
14 27 33 
50 27 92 
66 14 28 
4 97 37 
54 39 43 
24 7 48 
54 23 23 
41 57 15 
28 20 64 
76 12 32 
86 77 77 
93 9 87 
81 69 12 
60 21 78 
51 77 20 
62 41 52 
70 43 91 
73 26 45 
12 37 72 
83 2 65 
99 54 33 
6 75 23 
33 51 32 
76 65 57 
63 69 29 
73 92 81 
13 39 33 
85 16 76 
52 34 72 
53 80 79 
21 84 73 
41 66 79 
79 6 4 
22 44 78 
29 21 16 
53 10 61 
29 88 86 
45 98 73 
28 76 61 
23 25 95 
72 83 69 
93 74 21 
71 10 44 
51 70 26 
34 75 34 
54 71 74 
81 66 53 
19 34 90 
36 53 37 
62 86 5 
59 46 64 
94 17 48 
88 50 25 
9 30 76 
50 81 86 
5 52 72 
66 65 92 
35 12 90 
19 99 99 
43 54 80 
30 61 10 
38 9 20 
4 35 27 
30 24 55 
20 65 25 
58 59 40 
23 72 41 
84 20 40 
48 95 58 
71 41 61 
86 91 46 
28 14 76 
26 46 19 
9 56 21 
36 27 2 
7 6 73 
7 45 97 
46 81 72 
95 16 29 
24 26 22 
92 13 21 
4 70 5 
26 41 36 
7 83 95 
88 84 40 
61 47 94 
98 37 40 
56 1 76 
76 42 37 
84 70 49 
47 20 38 
74 31 33 
6 43 58 
29 21 50 
18 40 91 
6 7 9 
50 14 35 
57 3 36 
73 72 89 
87 92 41 
43 97 88 
81 87 45 
83 4 43 
80 32 5 
54 72 32 
40 55 36 
45 50 51 
18 63 32 
94 83 96 
91 65 78 
2 51 24 
4 67 41 
40 73 19 
23 53 50 
18 3 84 
13 60 43 
45 43 14 
87 91 59 
96 43 97 
67 90 5 
43 49 68 
30 20 32 
84 15 37 
60 45 4 
16 15 26 
40 95 13 
91 31 43 
26 46 0 
1 64 85 
4 77 22 
89 65 66 
98 7 60 
40 45 91 
24 99 70 
36 20 13 
86 38 97 
59 83 25 
48 75 46 
80 62 87 
65 16 77 
8 3 59 
61 95 0 
21 61 60 
11 45 74 
92 75 5 
51 77 40 
12 60 28 
86 17 4 
46 43 52 
86 32 1 
26 79 60 
26 92 51 
24 35 67 
93 23 61 
73 48 85 
9 33 8 
1 21 31 
72 43 18 
3 78 49 
29 25 25 
65 14 17 
27 49 34 
83 39 60 
89 84 32 
41 59 91 
0 8 63 
87 89 24 
69 66 81 
32 36 79 
25 11 21 
35 68 39 
10 47 77 
48 8 80 
50 66 63 
31 7 12 
11 2 18 
84 55 21 
54 18 63 
70 2 36 
44 53 90 
74 24 82 
18 34 14 
92 96 24 
85 51 43 
82 66 26 
82 70 9 
92 16 25 
48 7 94 
29 37 93 
68 30 28 
14 5 53 
0 19 84 
42 20 45 
3 89 21 
40 36 4 
45 94 88 
27 55 93 
39 21 39 
99 98 21 
51 48 27 
25 41 54 
4 3 93 
66 45 24 
30 43 2 
80 53 30 
83 47 4 
34 43 49 
97 80 8 
49 60 92 
84 63 98 
35 49 51 
54 44 20 
89 4 59 
59 6 59 
16 54 2 
87 36 0 
75 31 86 
26 0 21 
95 5 59 
78 66 23 
72 3 31 
61 42 74 
22 55 80 
23 11 66 
6 85 95 
99 37 57 
22 96 75 
72 50 27 
79 37 62 
48 68 52 
43 11 48 
93 53 70 
92 38 73 
31 15 37 
35 41 42 
96 27 71 
16 17 96 
64 6 3 
24 36 16 
34 58 38 
39 43 55 
47 69 17 
16 61 38 
7 97 22 
81 41 91 
57 55 38 
63 60 26 
29 6 90 
13 51 12 
91 29 76 
57 4 68 
23 59 7 
83 91 87 
13 52 15 
83 42 60 
61 61 5 
68 0 25 
69 57 5 
14 7 54 
12 49 39 
87 98 69 
90 2 1 
71 24 52 
87 69 15 
19 45 69 
5 49 95 
0 14 91 
75 67 85 
72 53 77 
43 58 60 
30 6 47 
3 71 77 
58 21 10 
14 46 80 
10 34 74 
73 64 22 
95 3 39 
62 29 97 
23 35 64 
48 51 1 
91 82 8 
64 4 67 
73 0 65 
99 37 88 
94 3 6 
13 26 21 
3 40 37 
65 83 57 
60 14 81 
65 55 8 
7 50 18 
14 5 18 
55 66 9 
48 25 53 
90 1 10 
99 70 81 
15 50 73 
66 69 35 
96 73 13 
51 79 37 
44 99 95 
4 3 48 
94 47 47 
25 48 73 
69 74 55 
49 39 13 
76 87 63 
16 53 66 
18 30 64 
23 9 53 
62 56 59 
64 0 88 
55 23 30 
80 78 93 
27 5 20 
80 45 1 
73 68 13 
73 6 3 
29 91 49 
53 48 62 
28 80 22 
60 73 85 
53 80 81 
52 35 63 
53 78 60 
52 81 25 
51 85 70 
2 62 33 
89 86 93 
26 90 66 
95 95 39 
75 29 66 
59 92 84 
83 81 63 
12 58 41 
39 73 97 
4 29 42 
40 13 42 
17 57 99 
8 99 73 
55 63 7 
13 97 57 
6 9 92 
20 82 43 
21 13 9 
16 57 64 
54 36 20 
70 72 2 
80 20 71 
39 32 82 
18 29 22 
65 14 97 
54 31 67 
34 76 48 
27 35 23 
83 39 17 
63 42 54 
37 61 51 
12 46 54 
9 7 0 
96 77 84 
78 0 46 
81 65 18 
96 59 74 
77 88 35 
81 92 4 
70 95 9 
31 89 97 
97 67 72 
88 96 1 
53 77 87 
84 8 97 
60 31 80 
68 19 13 
44 25 82 
57 95 74 
32 61 0 
84 42 32 
80 87 81 
9 52 91 
1 36 58 
46 17 6 
95 28 74 
69 28 40 
82 88 32 
50 65 49 
45 98 43 
16 17 57 
81 29 14 
42 39 54 
69 6 89 
77 39 67 
26 2 12 
1 18 15 
73 80 27 
96 82 6 
63 64 49 
23 13 59 
33 93 98 
7 37 87 
14 57 21 
26 49 8 
47 74 11 
3 78 7 
15 63 82 
46 54 40 
81 90 69 
58 25 17 
54 48 56 
94 72 5 
62 25 71 
2 83 35 
43 38 9 
71 92 41 
85 39 73 
0 7 4 
48 87 91 
77 35 71 
2 9 68 
1 54 59 
86 60 56 
47 83 65 
20 1 60 
94 17 14 
61 48 74 
7 77 24 
15 24 22 
75 14 0 
85 9 0 
18 79 94 
84 67 59 
6 77 18 
40 54 93 
45 56 72 
45 52 51 
29 26 85 
47 76 88 
23 85 31 
82 30 75 
72 25 60 
59 7 46 
30 96 87 
49 45 10 
12 14 71 
66 15 30 
16 16 95 
21 90 61 
1 19 97 
96 65 56 
23 86 67 
36 50 1 
44 32 74 
46 74 53 
32 19 6 
20 20 11 
66 95 79 
52 35 36 
24 85 36 
35 41 86 
3 13 78 
23 52 72 
83 30 54 
67 62 7 
21 45 99 
66 99 46 
28 2 91 
10 39 77 
11 94 48 
91 16 84 
30 79 36 
55 74 93 
66 76 33 
63 46 13 
68 7 88 
63 61 41 
52 31 76 
53 25 87 
24 12 60 
29 68 19 
4 43 92 
43 39 68 
0 38 10 
16 97 74 
98 26 75 
54 27 62 
7 57 55 
1 94 32 
2 7 96 
1 80 73 
3 49 93 
97 30 36 
12 9 48 
4 33 31 
95 99 82 
75 22 33 
62 21 47 
53 63 64 
44 69 18 
73 85 33 
16 16 44 
83 61 15 
10 41 98 
62 78 10 
45 96 72 
93 30 19 
44 73 24 
82 20 80 
57 63 87 
9 75 87 
44 83 33 
58 70 85 
96 64 74 
25 0 68 
29 29 18 
22 5 73 
32 7 84 
98 25 86 
42 44 66 
95 21 31 
72 17 26 
79 24 77 
31 0 7 
50 46 98 
49 30 55 
15 91 94 
95 30 44 
8 44 51 
62 3 50 
46 16 95 
85 80 52 
13 63 59 
45 26 25 
67 98 27 
83 95 24 
87 15 19 
22 70 34 
84 79 3 
22 18 27 
99 63 25 
76 23 47 
24 80 43 
43 71 68 
85 17 6 
15 52 10 
82 52 30 
25 9 37 
18 92 34 
75 66 6 
50 3 60 
10 20 66 
79 98 11 
82 69 45 
99 2 88 
89 81 48 
84 44 41 
19 7 49 
94 29 25 
90 37 10 
77 49 64 
79 65 72 
21 28 39 
86 82 13 
60 1 39 
79 7 53 
8 26 97 
81 15 45 
78 1 30 
17 8 14 
33 32 22 
54 87 85 
39 20 27 
30 88 28 
15 95 80 
74 30 50 
13 85 76 
51 30 13 
68 28 48 
13 23 98 
87 9 11 
52 60 73 
17 79 75 
28 60 76 
95 20 43 
2 39 48 
77 39 67 
8 57 16 
54 24 76 
66 92 65 
16 63 3 
27 60 92 
99 92 68 
13 40 68 
58 65 81 
73 32 42 
26 6 51 
58 16 40 
65 65 94 
72 11 66 
20 75 72 
74 2 54 
21 67 24 
19 12 67 
88 71 64 
78 4 57 
89 24 45 
68 47 54 
57 21 50 
80 35 52 
52 86 42 
35 68 2 
22 52 42 
94 34 76 
6 95 77 
78 74 52 
72 40 75 
52 19 14 
1 46 80 
6 53 11 
0 27 77 
41 99 6 
21 6 94 
35 93 36 
96 4 25 
4 73 16 
38 32 74 
15 22 70 
94 90 23 
34 16 4 
30 65 54 
1 50 34 
84 92 1 
17 67 41 
71 17 87 
4 73 50 
23 7 63 
97 53 67 
89 77 69 
30 53 54 
84 7 94 
88 19 10 
77 16 61 
26 95 57 
48 26 22 
83 65 51 
59 55 90 
54 47 86 
30 24 55 
92 18 79 
53 12 70 
45 9 16 
88 21 1 
25 48 73 
49 82 0 
35 34 93 
52 57 46 
15 97 69 
66 46 15 
12 79 13 
46 50 6 
27 47 58 
49 28 54 
46 75 91 
16 68 54 
72 16 24 
75 32 39 
99 74 69 
92 11 71 
90 94 60 
3 29 97 
86 5 0 
2 42 48 
65 49 10 
9 96 47 
73 29 10 
63 9 86 
84 8 79 
26 90 88 
59 6 71 
74 11 47 
38 79 0 
17 83 66 
45 45 31 
88 74 33 
54 18 67 
90 30 29 
55 91 69 
38 55 72 
46 47 44 
80 20 26 
86 61 89 
11 88 63 
71 24 28 
12 29 8 
90 49 55 
22 19 54 
1 96 10 
21 22 56 
85 20 20 
84 85 70 
93 31 23 
42 68 54 
1 81 43 
91 80 59 
28 5 22 
23 92 73 
18 7 88 
0 41 45 
0 33 15 
5 4 57 
45 52 39 
69 30 28 
3 61 64 
79 14 27 
35 76 50 
2 42 37 
13 63 52 
15 40 5 
5 46 9 
29 15 0 
4 49 41 
41 88 91 
51 45 92 
21 38 52 
82 63 6 
45 21 24 
34 57 50 
38 1 7 
9 17 55 
47 49 98 
30 76 14 
59 3 25 
7 15 68 
37 75 82 
14 80 53 
62 8 34 
40 94 25 
37 96 96 
37 12 45 
39 31 43 
78 89 83 
77 13 44 
23 80 55 
98 26 88 
29 97 70 
98 33 18 
89 78 40 
8 2 20 
55 58 59 
74 36 64 
98 87 46 
15 64 59 
80 60 61 
28 1 8 
14 23 73 
73 33 86 
66 39 23 
61 92 37 
57 69 17 
71 95 89 
16 50 3 
34 69 2 
99 94 39 
19 76 2 
33 69 50 
19 21 54 
64 94 84 
97 99 31 
56 56 66 
88 13 43 
10 80 22 
19 67 98 
60 73 97 
23 46 4 
49 59 16 
43 68 94 
66 24 85 
7 26 21 
15 11 11 
99 75 93 
57 66 14 
65 93 80 
25 94 8 
76 72 87 
28 52 35 
65 78 6 
55 19 34 
58 77 93 
94 1 47 
9 68 90 
88 56 83 
61 19 98 
95 97 14 
49 65 73 
91 84 25 
36 40 44 
25 16 23 
59 40 82 
19 57 38 
68 52 79 
12 75 55 
44 63 79 
84 37 4 
10 72 63 
60 82 43 
21 98 49 
77 54 80 
54 33 3 
75 97 85 
50 54 42 
81 18 82 
81 1 7 
27 22 61 
35 5 48 
20 32 47 
55 41 89 
50 55 77 
58 73 25 
89 53 53 
21 75 5 
3 94 21 
24 0 93 
68 61 32 
69 69 1 
15 86 27 
13 13 58 
72 88 53 
93 48 30 
74 6 52 
54 8 97 
56 91 66 
17 37 34 
28 96 55 
38 40 61 
44 51 99 
91 47 94 
92 10 17 
46 47 62 
60 18 23 
26 10 39 
32 55 49 
65 57 75 
5 78 89 
43 44 71 
90 12 13 
30 10 21 
74 63 21 
98 27 24 
59 76 57 
54 85 23 
29 41 77 
86 49 95 
71 0 38 
39 83 18 
13 15 82 
75 51 93 
56 90 12 
29 73 67 
39 87 35 
44 19 10 
13 25 62 
57 30 68 
14 19 22 
11 71 32 
47 92 33 
59 32 88 
39 66 83 
60 67 1 
30 61 8 
72 76 0 
73 37 21 
32 10 21 
98 5 19 
30 54 9 
65 6 95 
59 56 79 
68 97 56 
73 66 63 
68 73 53 
71 5 83 
6 9 51 
33 64 71 
58 45 6 
72 2 88 
11 18 49 
60 12 44 
3 7 43 
38 57 78 
87 61 30 
23 15 87 
12 32 43 
83 31 78 
57 41 58 
15 79 65 
25 19 47 
39 66 98 
11 29 39 
75 26 61 
92 70 53 
73 68 77 
91 17 46 
54 58 22 
83 4 64 
59 56 41 
37 5 53 
35 4 71 
75 90 37 
34 74 55 
15 38 65 
73 7 1 
4 38 71 
97 76 11 
41 17 96 
96 78 27 
50 47 66 
87 62 25 
67 27 72 
50 63 87 
94 34 45 
88 71 29 
68 6 78 
67 7 37 
19 99 64 
49 62 92 
16 62 35 
54 37 47 
93 37 96 
47 98 32 
67 73 31 
10 36 93 
94 13 55 
15 98 4 
96 3 48 
69 20 95 
98 87 81 
46 52 3 
26 92 87 
11 12 46 
69 2 72 
64 42 96 
59 81 17 
89 22 29 
57 65 62 
31 58 86 
67 64 94 
98 33 62 
99 10 15 
50 54 44 
27 69 58 
27 11 81 
65 0 17 
30 53 88 
25 31 37 
52 18 73 
58 5 38 
64 25 69 
44 49 67 
92 92 18 
83 24 81 
92 27 26 
97 23 81 
10 4 73 
25 41 9 
74 55 96 
42 89 76 
71 99 55 
29 54 68 
11 55 9 
53 22 69 
10 48 56 
94 19 40 
54 74 57 
80 99 5 
43 79 37 
66 18 46 
72 31 97 
36 87 64 
23 69 3 
46 77 44 
29 5 65 
71 34 41 
41 52 31 
77 73 52 
14 78 55 
88 74 51 
42 32 32 
52 65 55 
37 85 96 
91 76 42 
92 79 88 
13 41 52 
45 35 45 
0 60 6 
72 37 4 
88 59 87 
95 56 69 
74 2 70 
65 65 54 
6 14 17 
60 24 3 
69 61 45 
83 97 88 
30 41 74 
56 35 69 
86 48 40 
80 21 16 
57 74 29 
9 53 92 
90 14 95 
65 67 68 
98 6 41 
4 75 41 
24 63 77 
89 11 91 
75 86 78 
85 73 24 
47 61 95 
19 24 33 
94 92 19 
55 15 33 
25 27 39 
81 70 78 
5 10 7 
86 29 63 
64 27 9 
96 91 4 
96 80 10 
20 52 3 
21 59 86 
33 64 76 
45 65 96 
70 74 65 
93 88 11 
60 11 98 
1 24 52 
83 71 81 
46 82 26 
83 8 72 
40 44 19 
9 49 10 
14 69 64 
89 39 93 
74 89 68 
90 40 55 
96 75 76 
55 39 73 
28 53 10 
60 17 9 
20 83 92 
26 66 55 
33 6 29 
86 1 1 
80 93 94 
10 38 37 
66 79 72 
68 85 16 
5 70 62 
94 97 25 
19 99 74 
95 77 6 
15 18 65 
76 57 55 
70 73 80 
15 36 37 
0 95 17 
69 83 13 
38 12 65 
66 97 52 
65 59 79 
92 98 17 
27 80 89 
30 14 41 
13 57 99 
34 28 50 
23 61 73 
85 84 50 
75 13 97 
85 25 63 
3 56 59 
49 5 27 
79 70 49 
40 41 66 
94 49 77 
52 71 94 
96 68 99 
85 59 27 
55 82 16 
56 55 33 
61 52 96 
5 79 14 
60 18 64 
46 94 53 
0 64 85 
12 15 47 
89 64 89 
23 15 42 
94 42 77 
26 95 93 
61 5 49 
52 0 32 
55 12 72 
12 59 51 
9 36 28 
89 96 80 
14 3 79 
87 71 29 
44 30 4 
29 14 76 
24 52 27 
76 33 3 
79 13 27 
90 94 92 
7 96 94 
21 17 40 
13 80 75 
44 7 98 
9 82 90 
54 11 20 
71 74 47 
47 89 58 
55 24 92 
87 64 47 
48 10 83 
75 51 25 
16 44 6 
86 26 20 
8 91 23 
94 6 20 
76 39 65 
51 91 1 
2 22 54 
77 18 72 
0 16 88 
61 1 82 
75 86 66 
19 42 56 
51 4 98 
17 82 66 
66 97 10 
69 86 68 
67 25 53 
16 89 15 
16 43 90 
23 59 39 
83 16 21 
97 77 68 
92 46 90 
5 34 40 
66 84 5 
29 4 39 
81 67 71 
19 77 26 
65 35 70 
65 24 54 
64 2 74 
70 81 83 
14 79 5 
49 10 40 
9 46 14 
5 9 1 
29 57 62 
6 67 4 
58 28 33 
34 34 58 
38 42 50 
33 38 67 
16 94 9 
52 8 25 
50 25 0 
75 47 8 
67 85 23 
87 68 24 
68 72 39 
95 71 88 
40 61 40 
75 73 87 
16 17 55 
44 41 50 
13 33 89 
57 96 7 
2 28 34 
99 38 19 
81 90 81 
94 28 34 
54 29 21 
99 30 78 
74 45 9 
99 60 41 
89 99 30 
30 61 98 
93 22 1 
83 0 89 
44 86 51 
49 99 23 
71 8 79 
17 17 64 
31 25 22 
40 49 17 
28 25 66 
80 2 88 
74 31 47 
7 37 52 
40 61 85 
42 27 79 
84 49 59 
21 11 33 
75 9 29 
57 77 91 
65 60 10 
96 60 4 
1 23 64 
97 84 10 
28 90 72 
58 96 55 
90 27 26 
44 0 35 
85 24 33 
76 65 53 
28 19 36 
35 11 67 
17 35 87 
40 27 82 
80 25 98 
8 12 72 
63 20 99 
61 42 15 
44 34 3 
10 89 89 
58 70 0 
89 39 48 
29 22 85 
83 72 94 
69 93 11 
81 64 3 
83 24 35 
78 39 96 
69 8 54 
90 33 62 
67 52 49 
49 41 83 
13 12 79 
16 52 55 
73 61 28 
10 10 63 
84 77 72 
7 38 76 
17 39 5 
90 42 69 
59 78 93 
5 81 34 
87 97 99 
76 63 83 
12 4 49 
55 79 84 
52 56 92 
31 82 26 
78 91 60 
34 25 36 
46 46 30 
74 28 66 
58 66 60 
54 54 12 
26 98 17 
47 4 15 
72 8 18 
91 1 56 
31 83 46 
83 78 48 
25 29 37 
13 93 73 
3 80 93 
67 72 92 
76 98 45 
92 74 11 
63 44 27 
21 3 55 
43 13 7 
26 28 16 
74 51 59 
16 81 30 
36 1 79 
24 76 74 
55 69 26 
85 62 20 
72 26 30 
32 78 73 
58 34 73 
57 11 40 
98 71 4 
5 28 35 
27 27 40 
36 58 33 
1 19 0 
48 54 5 
62 8 26 
5 67 98 
12 54 4 
69 46 97 
28 6 4 
19 15 91 
65 32 97 
60 39 55 
7 0 85 
76 2 9 
72 36 19 
78 83 82 
56 72 51 
69 87 94 
47 57 91 
16 49 56 
10 26 37 
32 28 35 
78 56 54 
17 56 19 
68 59 20 
95 44 84 
16 28 70 
33 16 16 
34 93 14 
74 85 5 
77 63 44 
18 96 45 
8 93 93 
60 69 81 
65 27 47 
31 27 81 
14 44 21 
98 38 10 
79 53 61 
88 43 92 
77 76 12 
96 66 56 
77 39 5 
22 79 70 
81 13 31 
73 27 57 
10 58 91 
43 13 12 
3 97 57 
47 74 19 
25 60 77 
19 96 4 
12 41 51 
76 56 73 
32 86 67 
14 70 97 
76 55 16 
76 9 44 
99 32 86 
82 92 81 
81 54 19 
42 76 17 
95 45 71 
54 52 22 
41 61 87 
19 10 85 
61 0 82 
8 58 40 
20 34 33 
46 39 93 
94 37 92 
20 53 45 
36 97 2 
97 34 61 
65 61 11 
65 79 75 
50 51 91 
18 45 88 
36 84 0 
5 72 31 
29 48 67 
77 1 32 
46 24 7 
19 31 28 
56 43 96 
77 68 41 
22 32 50 
25 51 64 
98 66 48 
29 18 72 
56 74 47 
95 50 19 
41 46 63 
41 18 11 
35 32 70 
96 80 26 
78 3 56 
77 69 54 
53 9 86 
58 98 19 
79 4 85 
36 40 86 
23 41 44 
63 67 66 
45 80 69 
82 68 6 
13 27 66 
10 82 27 
0 27 61 
94 56 74 
12 36 48 
49 22 59 
5 67 16 
27 52 53 
12 23 3 
93 77 50 
61 74 35 
85 35 77 
71 36 48 
96 62 39 
17 0 35 
4 1 90 
99 68 0 
65 98 22 
9 96 46 
27 23 56 
14 91 91 
58 8 83 
13 48 24 
29 36 77 
64 41 55 
62 30 27 
25 87 39 
26 9 4 
65 92 5 
18 73 4 
87 87 84 
15 28 48 
67 0 8 
2 54 3 
95 50 43 
81 61 45 
28 45 68 
4 1 7 
20 9 72 
53 92 5 
24 6 28 
83 75 56 
83 59 51 
14 7 48 
98 38 12 
98 95 80 
8 70 38 
62 20 58 
75 13 37 
56 65 25 
12 33 81 
57 37 22 
80 17 41 
87 26 56 
35 5 12 
65 25 12 
69 4 29 
51 86 40 
29 51 65 
51 83 91 
90 92 42 
63 93 69 
63 81 35 
10 24 7 
15 75 90 
48 31 93 
93 96 2 
75 7 27 
40 11 42 
48 41 86 
26 80 13 
32 12 41 
18 76 5 
19 53 17 
53 74 93 
5 83 86 
7 86 11 
99 20 66 
95 90 53 
49 42 18 
10 86 56 
51 42 85 
23 18 17 
52 93 50 
84 91 97 
77 46 64 
0 68 46 
10 81 43 
34 80 46 
19 44 45 
17 4 91 
26 64 80 
47 15 48 
14 35 31 
80 41 22 
79 65 88 
63 19 84 
21 71 0 
7 71 90 
20 51 86 
87 20 63 
30 24 39 
66 90 31 
40 84 4 
48 6 1 
78 2 22 
8 91 19 
41 48 13 
61 51 47 
71 98 28 
58 72 87 
18 70 94 
37 11 46 
19 61 65 
42 63 94 
43 22 75 
69 50 55 
29 99 19 
94 48 65 
53 71 44 
21 14 62 
37 27 38 
46 51 20 
32 57 88 
64 80 46 
63 93 80 
9 78 29 
74 81 68 
84 70 89 
18 71 5 
2 0 6 
19 25 81 
7 80 10 
82 9 73 
13 89 27 
34 5 48 
80 77 17 
93 17 62 
19 91 72 
11 82 0 
6 38 51 
32 58 22 
24 27 56 
87 48 96 
55 45 81 
14 55 93 
82 1 8 
51 98 59 
82 49 1 
77 51 74 
93 17 69 
11 74 91 
6 85 75 
32 99 1 
4 36 79 
53 2 44 
9 30 93 
35 82 42 
41 77 21 
93 34 85 
29 46 45 
31 34 82 
55 35 61 
17 92 75 
11 62 61 
15 76 45 
82 75 75 
81 27 57 
35 45 97 
19 92 17 
33 98 7 
68 7 14 
47 21 85 
94 7 63 
50 95 66 
66 8 93 
65 76 27 
22 33 17 
22 0 27 
35 53 12 
19 38 12 
31 61 21 
64 5 4 
92 59 73 
27 39 71 
38 91 48 
89 20 38 
45 85 15 
90 43 95 
61 78 20 
84 74 96 
73 71 22 
18 54 96 
37 88 66 
0 10 93 
27 44 47 
42 45 37 
94 47 45 
0 33 89 
42 52 36 
96 4 1 
94 42 34 
46 46 6 
24 80 51 
69 67 31 
22 46 92 
10 8 59 
60 39 26 
99 35 32 
33 8 92 
99 27 96 
30 0 84 
92 96 60 
34 98 79 
47 66 56 
56 79 18 
10 26 89 
27 69 57 
92 96 84 
9 1 42 
33 16 47 
30 34 60 
17 64 36 
33 11 15 
92 55 45 
3 83 49 
34 91 80 
99 67 63 
75 54 92 
99 34 59 
6 53 70 
29 30 25 
55 79 86 
12 57 58 
37 37 40 
28 96 25 
45 2 67 
30 97 42 
95 11 33 
48 31 99 
79 67 86 
0 9 24 
26 57 37 
17 56 92 
93 44 40 
32 4 24 
36 38 69 
39 32 40 
18 38 22 
29 99 37 
85 4 78 
75 88 35 
51 43 60 
70 31 41 
53 99 31 
81 84 73 
84 32 76 
98 89 53 
35 99 91 
33 1 98 
47 56 95 
7 15 84 
71 54 40 
74 81 64 
26 72 6 
18 87 99 
6 98 21 
68 37 35 
44 82 5 
65 88 6 
67 25 24 
62 57 89 
22 89 17 
16 62 59 
20 71 41 
27 41 25 
32 41 18 
56 70 54 
66 76 70 
32 20 68 
68 40 76 
56 31 88 
79 59 82 
77 22 87 
35 67 5 
19 48 68 
58 56 8 
52 99 15 
17 65 13 
20 36 98 
67 86 39 
48 45 52 
21 67 74 
5 98 0 
42 20 85 
83 82 42 
46 27 0 
94 56 91 
67 22 18 
83 51 55 
68 79 6 
73 2 70 
66 60 95 
61 88 8 
24 91 94 
59 52 69 
91 49 61 
99 62 22 
39 24 39 
49 51 2 
73 6 77 
99 91 58 
73 92 30 
29 96 61 
23 53 87 
49 27 92 
55 87 33 
73 12 61 
50 48 68 
96 60 81 
90 53 31 
37 38 0 
8 86 98 
73 19 19 
79 22 17 
8 90 83 
55 73 61 
58 50 70 
37 53 90 
75 33 70 
46 87 55 
91 5 73 
11 90 93 
33 3 49 
17 55 60 
85 54 47 
64 51 8 
40 1 55 
38 45 12 
31 56 68 
60 5 78 
7 96 13 
50 85 72 
97 99 43 
13 47 1 
72 5 42 
32 86 8 
37 18 88 
48 56 68 
79 99 17 
20 59 2 
65 55 21 
33 33 52 
15 38 33 
76 1 54 
36 57 45 
19 68 33 
46 14 87 
92 16 50 
57 43 58 
29 4 31 
1 54 37 
90 15 20 
95 45 32 
63 72 53 
7 86 13 
93 1 39 
80 6 36 
79 51 22 
79 31 70 
12 27 39 
31 9 89 
12 27 58 
60 17 13 
46 79 95 
15 71 39 
13 65 45 
61 3 56 
13 68 55 
13 20 6 
23 46 19 
55 46 75 
3 15 41 
97 79 55 
42 33 16 
74 76 81 
28 97 3 
38 41 88 
78 22 15 
38 22 38 
52 56 0 
59 79 1 
51 17 81 
31 84 47 
54 27 2 
98 52 85 
66 43 99 
38 35 82 
30 4 6 
12 26 11 
70 19 79 
9 79 29 
93 20 32 
67 37 46 
30 76 1 
36 6 50 
12 24 25 
40 89 78 
94 95 36 
15 3 26 
62 24 58 
82 43 30 
36 65 4 
20 47 70 
41 89 8 
9 68 88 
97 53 13 
24 42 94 
15 33 32 
81 89 63 
90 88 32 
63 57 61 
73 54 66 
67 73 22 
58 74 42 
55 63 30 
82 82 77 
78 36 55 
26 49 47 
64 50 71 
39 49 97 
27 47 32 
16 58 64 
55 44 65 
3 1 73 
41 76 42 
99 78 14 
54 55 68 
58 89 71 
77 85 15 
34 20 38 
61 56 90 
87 90 65 
4 22 32 
38 55 93 
6 10 16 
50 54 6 
25 68 98 
25 98 84 
19 52 96 
83 49 28 
91 23 99 
53 28 81 
62 50 17 
24 14 30 
89 44 8 
59 14 33 
66 88 92 
75 10 17 
34 47 89 
16 28 24 
28 18 70 
35 66 42 
5 2 11 
67 98 69 
40 75 67 
58 48 91 
64 51 47 
58 86 37 
82 31 94 
66 35 73 
29 72 23 
24 88 80 
45 67 9 
47 97 32 
39 96 21 
1 57 10 
13 90 97 
90 67 5 
55 61 55 
50 34 17 
41 57 3 
33 49 45 
70 27 32 
91 60 16 
47 71 42 
57 75 79 
49 3 14 
22 46 30 
96 11 0 
64 4 69 
49 92 49 
54 69 49 
33 20 77 
99 13 33 
77 73 62 
88 30 2 
77 38 92 
50 70 67 
46 32 18 
78 70 82 
12 11 76 
17 7 99 
43 2 20 
70 13 46 
50 0 26 
66 78 94 
96 76 47 
50 7 49 
31 62 20 
78 69 86 
12 6 85 
71 8 90 
60 41 49 
4 8 55 
32 46 55 
34 87 32 
45 60 33 
95 3 17 
58 24 7 
26 70 43 
12 51 14 
87 75 24 
14 83 36 
49 8 44 
67 57 37 
84 49 17 
34 12 53 
79 6 13 
47 68 45 
17 43 92 
71 51 92 
52 68 28 
33 50 27 
99 32 19 
24 10 85 
22 47 28 
30 41 62 
31 55 23 
13 96 38 
68 8 55 
90 44 99 
94 70 29 
1 14 7 
31 91 7 
14 93 59 
5 89 26 
78 80 73 
78 7 3 
95 49 63 
61 57 83 
95 36 13 
61 93 17 
27 63 98 
78 85 22 
75 52 85 
27 77 11 
53 16 41 
71 3 97 
49 62 21 
82 80 18 
5 9 77 
27 23 17 
56 33 71 
38 21 14 
96 21 25 
33 79 93 
91 47 47 
74 60 23 
61 38 56 
20 2 35 
15 36 85 
55 38 55 
94 89 16 
15 0 84 
74 63 7 
42 75 61 
34 0 4 
68 5 28 
71 9 98 
31 42 85 
78 99 80 
93 97 29 
63 89 96 
89 85 23 
47 22 12 
28 77 68 
37 67 62 
18 55 34 
56 74 50 
11 96 15 
78 35 8 
76 92 79 
6 14 22 
56 30 31 
91 45 93 
0 43 95 
66 62 91 
16 79 68 
96 19 17 
11 94 54 
35 99 99 
35 12 23 
24 22 56 
68 50 83 
92 9 80 
68 53 84 
0 10 2 
86 9 93 
19 98 55 
61 24 28 
52 46 32 
41 17 69 
69 42 75 
48 32 86 
13 92 62 
89 28 49 
17 95 66 
90 18 50 
25 37 22 
73 55 76 
1 50 16 
27 99 87 
38 97 67 
13 13 18 
28 41 30 
53 66 11 
77 86 26 
2 61 16 
24 83 77 
8 31 79 
0 58 40 
18 30 73 
93 30 9 
94 85 61 
25 22 52 
0 32 3 
48 29 13 
32 64 64 
40 17 85 
8 53 66 
13 10 80 
34 2 76 
88 76 17 
90 4 84 
97 81 45 
39 5 79 
53 32 62 
4 64 0 
69 35 16 
72 12 83 
71 55 39 
24 55 6 
28 74 53 
91 42 37 
59 87 59 
64 42 21 
71 74 69 
7 86 0 
31 99 26 
25 1 37 
78 41 49 
31 66 12 
40 49 27 
79 20 45 
24 23 98 
39 87 55 
21 71 68 
3 52 35 
46 75 8 
83 6 31 
69 60 14 
56 81 18 
21 80 13 
58 32 46 
7 86 61 
88 32 39 
87 16 2 
76 83 62 
78 22 60 
52 38 10 
6 61 96 
34 78 33 
77 67 7 
45 98 65 
29 13 87 
23 16 94 
56 12 64 
82 33 99 
8 97 82 
79 7 20 
46 33 17 
59 50 59 
4 93 63 
48 21 90 
99 88 22 
23 67 5 
65 53 86 
78 42 55 
60 36 71 
83 55 40 
25 70 51 
68 90 73 
98 87 8 
44 42 42 
73 55 49 
4 86 47 
70 22 92 
63 90 99 
14 1 33 
37 1 95 
62 72 71 
11 38 89 
5 17 87 
95 36 60 
77 60 81 
88 30 83 
86 59 62 
59 65 78 
88 38 73 
27 77 28 
63 84 84 
33 8 10 
95 66 68 
52 72 15 
18 90 99 
26 93 22 
55 89 26 
86 13 25 
20 57 79 
0 74 41 
13 68 4 
87 94 69 
79 82 40 
68 69 89 
16 83 43 
5 19 67 
45 63 86 
80 95 83 
30 14 61 
54 26 37 
42 61 29 
44 66 39 
36 91 65 
41 78 79 
13 30 22 
0 42 94 
45 15 10 
4 61 35 
84 85 85 
69 64 17 
80 47 12 
27 89 71 
7 84 28 
85 7 28 
12 62 79 
40 40 15 
36 75 92 
78 7 59 
80 57 96 
96 46 69 
82 47 86 
83 9 66 
72 11 65 
0 72 78 
49 57 29 
74 97 41 
10 88 7 
6 72 4 
28 63 16 
73 18 47 
78 86 57 
74 44 31 
7 7 67 
53 30 29 
76 42 3 
41 48 3 
9 56 75 
88 39 82 
93 51 0 
53 21 58 
92 93 42 
91 45 33 
79 15 32 
39 92 14 
89 51 25 
83 28 23 
68 23 80 
24 84 12 
13 57 1 
42 61 59 
35 12 82 
29 83 68 
14 17 1 
95 71 96 
61 89 0 
19 47 86 
18 21 36 
42 0 52 
82 11 38 
0 43 99 
71 50 10 
87 93 80 
28 74 63 
88 91 69 
16 19 96 
2 45 59 
24 94 59 
30 38 17 
34 34 35 
11 59 65 
71 25 53 
67 25 79 
95 89 68 
53 27 86 
98 66 43 
15 76 5 
94 17 60 
46 52 67 
96 70 36 
71 76 47 
57 19 64 
90 14 12 
77 45 37 
76 85 31 
84 41 96 
40 17 45 
97 37 64 
73 96 60 
60 76 78 
3 5 95 
39 6 15 
25 30 4 
8 57 38 
50 15 11 
69 59 85 
19 13 59 
16 58 18 
10 53 65 
12 98 91 
10 25 87 
96 38 88 
39 32 82 
91 64 98 
68 72 28 
72 41 96 
23 63 49 
83 53 86 
46 64 14 
83 42 85 
39 65 65 
92 78 48 
51 76 84 
47 40 10 
38 85 97 
54 9 76 
90 5 11 
7 6 74 
95 99 64 
74 65 61 
35 62 52 
87 28 57 
71 56 18 
37 93 67 
68 34 90 
89 86 77 
73 13 19 
49 15 53 
98 12 0 
56 12 40 
2 48 27 
80 97 10 
97 78 68 
12 83 80 
57 49 89 
96 16 34 
15 72 24 
65 77 77 
80 59 79 
43 27 99 
26 56 88 
53 48 6 
1 29 8 
2 41 34 
34 93 42 
37 5 26 
64 7 29 
6 96 31 
84 21 43 
3 45 66 
37 71 42 
82 38 13 
60 66 52 
3 74 53 
47 63 45 
91 84 22 
87 41 59 
60 35 44 
22 0 3 
69 9 54 
82 53 77 
91 29 2 
98 89 4 
8 99 8 
17 30 0 
35 25 47 
9 55 92 
83 97 58 
86 23 85 
35 14 5 
32 86 26 
83 87 22 
31 16 28 
64 79 21 
37 5 26 
19 11 81 
52 58 15 
82 96 52 
84 90 66 
45 78 7 
70 73 79 
73 24 47 
58 78 85 
29 28 24 
23 46 34 
59 38 31 
25 83 68 
67 52 25 
0 82 55 
73 98 77 
60 44 33 
10 48 43 
33 17 43 
17 6 39 
49 0 96 
92 86 92 
11 47 30 
47 38 50 
42 62 11 
49 70 97 
42 85 12 
85 3 32 
24 5 73 
38 93 24 
9 5 47 
32 60 55 
99 16 83 
40 79 41 
72 42 75 
8 16 31 
42 72 41 
95 48 43 
90 28 93 
19 47 79 
27 62 95 
97 72 17 
41 66 54 
24 72 24 
9 95 92 
78 9 59 
10 68 95 
62 64 70 
37 88 21 
11 80 2 
24 45 71 
95 23 12 
55 70 92 
0 22 94 
5 95 64 
42 35 79 
38 77 85 
64 81 66 
83 34 3 
21 77 30 
28 54 71 
43 88 29 
15 33 11 
0 88 31 
54 68 46 
85 14 60 
36 44 51 
52 96 16 
92 20 65 
78 90 59 
66 14 15 
73 14 77 
89 41 69 
61 36 72 
24 46 62 
51 29 44 
85 63 5 
93 72 39 
41 28 87 
74 54 37 
43 20 4 
56 7 25 
83 35 43 
69 14 2 
29 61 1 
49 40 43 
33 18 82 
11 55 70 
65 68 78 
16 85 48 
2 46 85 
78 77 99 
83 24 78 
85 85 84 
7 70 5 
73 5 35 
15 24 43 
74 55 73 
39 95 4 
4 47 11 
98 34 1 
70 81 47 
28 5 29 
92 62 52 
81 32 76 
29 81 74 
42 28 88 
20 94 76 
9 65 98 
42 12 57 
60 51 55 
23 72 88 
94 10 40 
89 20 94 
92 40 95 
78 40 97 
92 14 13 
38 68 11 
68 11 94 
85 57 84 
33 71 27 
43 51 17 
53 86 34 
45 69 1 
74 28 63 
11 23 41 
45 6 5 
77 94 73 
10 68 89 
1 99 74 
17 84 24 
33 96 92 
79 83 90 
59 46 71 
66 60 71 
26 26 17 
17 5 20 
71 29 15 
94 43 27 
55 79 97 
80 98 9 
69 90 18 
57 84 13 
3 25 34 
31 5 20 
28 51 66 
63 29 36 
95 74 38 
20 55 50 
38 84 65 
6 54 17 
9 68 34 
98 6 79 
91 87 74 
65 13 56 
88 60 84 
78 52 91 
73 64 14 
95 57 31 
87 52 75 
69 6 8 
34 8 99 
64 39 57 
2 53 35 
36 88 40 
54 37 17 
32 80 69 
59 3 16 
53 96 37 
64 37 75 
28 40 12 
30 59 91 
53 1 80 
58 85 48 
61 16 76 
33 94 7 
63 22 70 
96 8 95 
34 45 54 
70 57 48 
22 68 73 
4 15 58 
80 5 80 
49 41 3 
14 27 87 
52 90 56 
35 14 41 
81 98 71 
26 80 33 
58 20 75 
36 37 83 
13 77 61 
59 60 22 
27 15 38 
50 91 20 
67 59 93 
69 49 74 
64 91 18 
97 54 35 
56 37 74 
13 28 83 
19 13 67 
93 6 62 
75 29 50 
33 36 55 
42 86 59 
70 7 87 
16 52 54 
20 53 51 
8 55 93 
52 37 94 
1 55 90 
10 39 71 
27 19 67 
81 58 37 
37 69 16 
89 96 62 
67 67 23 
39 84 32 
63 61 90 
76 67 20 
11 15 94 
89 40 7 
10 42 67 
25 62 42 
70 41 11 
42 14 86 
10 47 36 
26 43 64 
9 80 74 
69 17 8 
39 29 15 
71 69 49 
9 65 38 
6 88 20 
94 14 46 
8 34 78 
1 15 9 
45 70 27 
54 5 95 
90 91 25 
24 19 68 
40 88 90 
13 89 79 
57 61 79 
47 73 62 
85 22 24 
78 3 37 
68 81 61 
51 0 92 
47 92 16 
65 38 46 
44 76 89 
0 62 80 
26 36 34 
62 1 23 
12 7 20 
4 51 79 
5 72 94 
23 5 34 
40 9 99 
13 17 54 
24 59 84 
77 77 37 
98 41 65 
14 55 79 
94 55 20 
69 3 11 
44 87 59 
19 2 56 
55 97 4 
30 34 37 
7 28 91 
28 43 87 
55 93 23 
20 37 47 
17 60 56 
74 56 4 
13 27 2 
87 34 38 
39 26 9 
87 39 21 
17 93 97 
58 66 34 
64 79 12 
60 51 43 
94 13 42 
81 74 46 
79 52 22 
49 49 11 
41 9 39 
33 74 66 
63 33 42 
39 12 53 
74 11 2 
12 56 64 
35 58 18 
71 98 65 
21 39 23 
37 90 79 
94 16 91 
76 16 92 
21 57 47 
58 17 13 
98 98 21 
52 66 43 
76 74 65 
49 26 29 
3 95 19 
22 59 45 
4 72 18 
33 80 37 
99 58 33 
94 97 70 
69 69 94 
73 41 72 
16 16 93 
10 58 49 
18 76 32 
84 16 2 
86 22 20 
33 23 10 
94 18 17 
69 82 52 
99 41 35 
84 12 36 
34 29 45 
17 96 66 
32 8 56 
88 26 52 
63 17 85 
24 86 11 
82 97 89 
64 17 77 
55 31 65 
45 77 88 
91 49 78 
75 2 54 
16 61 6 
20 12 53 
8 0 61 
55 6 58 
27 96 63 
89 81 74 
15 33 80 
73 58 31 
48 35 16 
46 58 46 
62 55 1 
25 77 35 
12 32 52 
88 31 23 
97 95 18 
45 61 69 
67 45 18 
35 9 11 
99 76 99 
92 85 98 
85 94 98 
81 68 61 
6 21 30 
69 59 86 
72 47 29 
94 64 46 
11 81 97 
70 86 52 
68 70 91 
64 66 50 
53 43 75 
8 82 64 
50 14 55 
9 93 99 
41 91 45 
99 26 67 
91 70 71 
12 37 60 
36 81 49 
68 71 63 
30 35 67 
82 89 77 
74 87 14 
74 21 47 
44 25 13 
78 29 53 
5 59 79 
32 68 66 
87 95 88 
6 28 71 
5 56 80 
0 29 37 
78 52 91 
0 98 52 
38 91 89 
83 65 14 
78 41 23 
83 64 82 
90 71 16 
47 94 7 
69 46 93 
87 21 32 
31 21 89 
23 83 26 
75 73 10 
29 43 19 
76 43 9 
13 89 50 
40 10 44 
98 21 77 
27 22 30 
50 59 50 
86 91 9 
19 20 71 
22 69 24 
43 87 94 
0 51 28 
60 54 20 
93 91 62 
10 41 18 
73 72 1 
1 66 20 
36 92 58 
45 12 93 
58 44 47 
75 4 45 
33 97 56 
21 7 12 
95 17 80 
54 81 40 
51 75 80 
59 46 39 
24 19 38 
3 45 66 
11 37 20 
57 94 36 
34 64 30 
91 64 51 
15 14 11 
45 42 60 
36 73 41 
74 55 96 
16 32 83 
38 32 5 
38 87 36 
97 90 0 
62 76 96 
94 17 99 
41 61 79 
43 77 68 
85 72 63 
44 69 2 
22 24 55 
13 7 93 
36 83 34 
55 72 17 
57 96 90 
15 75 84 
9 15 77 
96 75 37 
95 8 16 
44 63 96 
90 36 65 
9 59 43 
32 32 50 
81 18 9 
19 22 1 
24 32 46 
97 17 51 
57 87 43 
40 70 64 
96 67 93 
74 81 14 
69 6 59 
58 59 48 
23 1 32 
5 76 60 
97 66 83 
81 80 42 
76 47 91 
11 51 26 
79 99 14 
70 12 22 
46 4 73 
23 3 67 
98 30 27 
49 88 82 
85 90 63 
79 75 96 
34 57 16 
1 12 19 
46 85 48 
1 8 94 
31 94 0 
86 92 19 
53 35 93 
58 14 75 
65 9 50 
2 43 25 
91 62 38 
36 33 24 
49 56 70 
23 12 17 
40 56 10 
47 76 37 
84 2 66 
38 22 70 
86 50 99 
28 82 40 
39 61 75 
57 72 57 
31 31 88 
38 22 75 
50 92 94 
49 62 55 
40 27 69 
15 16 75 
88 68 15 
17 91 29 
76 71 33 
21 35 72 
96 43 9 
71 17 28 
63 24 52 
84 19 43 
7 6 34 
83 84 10 
38 88 15 
49 74 64 
54 16 46 
79 31 26 
10 65 28 
45 87 1 
70 19 25 
30 89 78 
41 0 82 
1 4 7 
70 94 56 
15 77 77 
67 61 80 
96 90 59 
28 90 89 
73 72 81 
81 49 9 
66 51 17 
62 43 3 
88 84 10 
42 2 57 
72 19 17 
19 90 68 
40 44 34 
82 56 16 
87 33 82 
24 25 24 
84 84 42 
43 87 67 
43 89 38 
37 4 36 
97 61 68 
7 46 42 
12 28 97 
87 1 72 
31 7 3 
48 34 44 
47 94 61 
76 76 49 
10 37 96 
37 11 43 
3 46 40 
58 40 91 
3 54 92 
20 54 12 
53 76 52 
26 42 99 
40 51 13 
22 62 34 
5 68 38 
35 29 67 
93 0 21 
84 86 93 
73 37 64 
5 46 3 
39 24 82 
28 94 21 
11 55 20 
78 59 24 
27 92 24 
63 94 29 
23 0 53 
44 18 64 
96 71 26 
73 72 96 
99 19 16 
21 84 86 
23 87 26 
61 96 87 
79 58 43 
51 33 88 
21 87 52 
91 65 28 
97 23 97 
18 79 91 
99 75 70 
47 99 83 
53 17 41 
2 2 54 
44 95 1 
16 48 57 
29 24 3 
58 86 94 
34 39 39 
34 43 48 
8 87 90 
65 13 30 
36 37 98 
54 89 41 
70 16 78 
53 90 45 
88 33 72 
53 16 46 
77 90 56 
41 72 19 
7 99 30 
56 79 69 
85 22 9 
20 89 9 
26 48 11 
67 31 72 
7 14 35 
65 59 83 
39 22 1 
80 48 44 
93 39 93 
26 93 13 
65 83 70 
43 46 28 
49 44 75 
3 46 79 
72 82 6 
37 46 63 
58 54 63 
10 75 14 
14 0 76 
3 87 60 
15 53 59 
23 65 43 
61 48 88 
30 71 40 
65 81 5 
3 29 7 
82 77 48 
74 70 0 
71 28 79 
86 17 96 
9 5 49 
93 58 73 
36 13 73 
37 73 97 
12 41 24 
15 72 36 
30 95 32 
99 29 64 
31 10 7 
27 7 63 
11 51 32 
56 87 14 
88 12 12 
19 23 5 
6 4 11 
99 19 98 
23 0 55 
8 43 18 
86 83 77 
59 1 38 
66 43 16 
68 61 42 
37 5 54 
74 21 54 
30 61 45 
82 99 85 
47 93 70 
79 61 75 
12 94 43 
10 59 0 
18 14 19 
92 0 74 
35 87 5 
50 66 60 
11 3 86 
74 63 96 
30 80 9 
76 73 28 
35 26 9 
45 45 49 
24 4 21 
76 57 52 
52 95 41 
79 64 43 
11 55 38 
80 14 35 
54 83 99 
1 9 78 
33 33 9 
68 0 95 
5 17 17 
39 62 21 
8 51 18 
64 24 63 
54 64 74 
66 55 16 
1 39 55 
10 69 37 
22 56 26 
59 68 69 
22 31 95 
40 55 97 
65 39 52 
15 99 14 
7 40 64 
57 28 24 
98 99 11 
39 12 93 
47 41 67 
58 65 9 
81 28 37 
33 68 16 
33 68 98 
33 86 61 
98 95 10 
56 42 6 
13 17 8 
44 5 65 
87 30 3 
6 66 50 
44 64 79 
26 7 29 
85 45 33 
22 64 48 
72 21 28 
54 57 26 
35 36 5 
0 46 30 
5 90 18 
80 41 65 
78 4 21 
29 69 88 
3 7 2 
49 91 55 
40 70 74 
94 68 22 
8 66 7 
40 96 2 
46 96 56 
16 99 93 
26 26 40 
64 87 29 
97 54 31 
12 92 72 
91 79 48 
3 12 26 
51 21 61 
28 23 65 
51 90 21 
86 85 87 
68 27 31 
61 91 72 
59 61 34 
21 89 39 
83 40 12 
70 5 80 
72 7 88 
67 68 19 
17 20 74 
14 31 84 
31 26 93 
88 65 30 
74 25 78 
23 72 8 
76 71 38 
67 24 61 
5 30 27 
31 84 62 
29 20 10 
20 28 26 
37 7 34 
57 85 93 
61 54 23 
21 55 59 
16 12 33 
19 80 61 
68 62 96 
52 27 34 
20 88 82 
33 5 49 
1 98 74 
69 95 45 
11 84 91 
57 56 8 
80 6 7 
6 65 98 
37 66 40 
95 24 30 
35 92 56 
7 39 27 
70 35 48 
91 44 47 
19 67 16 
44 48 48 
89 83 7 
66 12 61 
18 91 49 
64 12 57 
57 19 10 
37 23 99 
29 64 69 
2 56 37 
35 62 84 
70 10 64 
66 28 97 
79 35 34 
23 55 30 
57 50 24 
68 36 66 
11 69 4 
14 31 69 
16 26 74 
82 86 49 
42 61 55 
51 59 58 
63 28 98 
29 64 36 
78 89 40 
30 1 79 
12 31 95 
0 39 98 
50 72 45 
49 60 11 
36 1 73 
55 53 30 
64 77 45 
43 77 14 
56 10 98 
53 93 79 
36 14 65 
33 85 4 
34 94 19 
79 14 35 
88 59 97 
2 20 75 
88 14 49 
7 86 23 
99 13 28 
1 2 84 
59 52 66 
23 47 25 
18 78 76 
30 8 47 
20 9 33 
13 89 44 
90 4 66 
22 70 54 
25 25 59 
60 7 27 
23 0 8 
85 48 98 
83 7 43 
47 17 54 
54 13 41 
19 60 75 
55 31 43 
99 37 37 
71 37 44 
50 24 71 
6 45 0 
0 35 26 
89 67 88 
28 40 52 
3 96 2 
23 18 15 
85 12 80 
8 48 31 
31 75 41 
50 63 90 
73 70 78 
94 35 83 
14 93 74 
29 26 86 
24 32 97 
9 32 40 
86 34 98 
66 96 86 
86 1 48 
50 24 62 
3 93 74 
23 10 60 
30 53 37 
58 84 97 
33 19 72 
97 46 69 
42 19 7 
23 82 94 
1 1 31 
70 94 45 
2 75 23 
21 85 4 
72 50 95 
18 37 9 
32 32 95 
52 94 6 
76 71 77 
45 96 1 
15 22 21 
69 8 70 
35 48 2 
47 13 37 
79 17 79 
6 88 8 
23 45 58 
91 37 80 
57 21 2 
30 15 10 
33 46 57 
59 39 64 
16 8 85 
18 11 12 
27 1 46 
92 57 18 
36 49 40 
73 21 83 
11 55 30 
1 56 82 
46 32 76 
63 55 91 
1 73 12 
87 13 87 
85 32 15 
64 14 33 
4 66 36 
57 30 91 
98 25 46 
95 56 50 
18 60 66 
50 53 12 
40 56 25 
24 30 48 
75 61 35 
11 32 97 
59 77 56 
74 37 76 
80 91 7 
50 94 7 
20 3 72 
89 91 95 
18 52 82 
62 48 95 
5 8 30 
55 95 49 
21 51 68 
34 81 25 
83 19 75 
13 51 71 
3 45 41 
80 38 17 
6 58 84 
39 32 90 
98 59 54 
86 30 1 
13 6 95 
18 70 71 
78 67 17 
10 84 11 
1 6 28 
20 62 30 
48 99 27 
68 48 51 
76 57 58 
57 18 75 
40 12 93 
24 87 51 
76 47 66 
12 21 14 
68 31 33 
84 36 0 
60 29 12 
7 49 52 
82 71 19 
71 82 52 
3 89 72 
34 42 91 
1 59 82 
28 36 93 
27 20 90 
0 49 81 
98 60 55 
34 18 81 
18 25 64 
93 97 66 
25 16 24 
93 35 5 
1 2 70 
84 91 90 
31 44 43 
72 48 53 
40 93 16 
1 82 42 
30 14 99 
88 12 62 
78 83 10 
26 47 25 
86 98 63 
62 47 91 
55 29 46 
19 72 77 
28 48 81 
11 10 79 
92 8 86 
34 8 8 
23 45 84 
90 75 37 
96 3 94 
81 7 21 
89 79 55 
28 31 78 
23 33 35 
56 51 41 
11 47 95 
21 84 28 
94 2 89 
4 87 16 
54 34 28 
22 79 94 
13 47 89 
13 69 4 
65 58 49 
7 6 90 
28 93 77 
84 95 33 
77 59 88 
29 15 77 
40 71 5 
26 10 48 
60 81 84 
43 86 6 
76 82 9 
98 66 94 
11 12 85 
99 80 49 
36 61 21 
65 89 55 
54 0 1 
66 32 51 
62 39 61 
73 26 31 
70 23 73 
31 9 19 
61 29 71 
15 34 18 
20 17 77 
88 6 76 
65 55 71 
58 31 15 
51 41 54 
86 0 47 
48 15 28 
9 79 76 
55 1 57 
44 29 36 
78 83 95 
55 89 19 
12 42 78 
79 31 23 
22 27 33 
58 34 46 
74 66 72 
57 78 9 
24 16 38 
66 47 61 
60 9 3 
71 76 70 
40 41 94 
30 35 21 
21 44 91 
14 77 37 
18 23 80 
73 83 97 
92 82 43 
78 52 39 
64 3 61 
93 50 4 
48 15 50 
30 73 62 
71 53 90 
63 5 73 
66 72 98 
19 71 34 
82 67 68 
62 86 10 
41 63 34 
17 10 99 
72 58 30 
18 82 51 
60 18 73 
74 98 71 
95 37 44 
63 62 11 
72 61 57 
15 87 57 
10 53 45 
8 35 16 
19 74 5 
79 82 75 
10 18 96 
99 26 70 
97 21 58 
61 59 96 
32 25 84 
76 22 3 
84 37 61 
35 45 29 
42 34 97 
10 97 88 
59 70 84 
61 41 25 
87 19 83 
17 35 38 
60 15 38 
38 52 99 
67 49 22 
48 55 18 
49 54 5 
16 43 68 
74 35 81 
80 76 61 
59 16 81 
36 10 16 
0 95 68 
27 87 51 
82 18 68 
43 66 73 
77 85 6 
76 41 39 
49 59 44 
9 52 92 
4 13 39 
98 11 61 
81 33 77 
45 43 94 
77 59 78 
93 34 3 
65 30 94 
56 87 45 
78 86 50 
90 49 57 
63 52 51 
15 31 14 
5 82 55 
63 72 54 
54 6 29 
53 50 53 
42 88 63 
30 43 32 
46 78 51 
46 90 51 
44 87 37 
67 93 99 
70 74 58 
20 5 56 
33 64 48 
1 17 6 
7 92 40 
7 7 41 
83 14 95 
80 64 17 
17 21 66 
45 81 76 
71 36 17 
11 89 19 
61 39 87 
55 94 64 
17 98 8 
11 8 11 
82 13 80 
98 88 0 
87 13 75 
91 88 31 
35 97 7 
4 27 82 
30 4 90 
60 96 53 
19 17 75 
19 86 81 
69 1 30 
16 67 67 
67 53 56 
25 54 71 
14 8 11 
17 66 18 
56 90 70 
77 72 70 
0 23 44 
53 5 40 
19 94 55 
48 45 50 
94 55 30 
10 25 54 
1 4 35 
68 17 8 
81 39 90 
66 65 3 
78 68 10 
58 57 16 
38 56 39 
80 90 1 
83 83 16 
72 82 48 
25 45 59 
66 94 7 
90 95 71 
6 95 7 
45 50 68 
44 51 45 
81 25 86 
37 37 40 
38 73 5 
1 31 27 
90 2 49 
11 84 76 
13 79 98 
12 13 48 
91 92 49 
27 31 45 
48 24 48 
65 72 15 
37 58 23 
71 87 24 
78 96 62 
56 84 44 
13 79 98 
57 2 42 
49 59 58 
75 77 91 
16 46 26 
0 79 59 
74 57 39 
74 10 88 
3 68 46 
61 63 35 
80 42 92 
16 25 3 
38 81 59 
86 91 48 
64 86 71 
49 44 96 
1 96 97 
85 37 17 
82 12 77 
17 55 79 
28 81 61 
5 13 92 
51 41 32 
3 36 58 
44 91 47 
67 42 73 
44 54 85 
64 96 89 
21 43 71 
24 74 68 
6 54 82 
7 19 42 
4 6 40 
75 39 21 
91 29 52 
52 28 15 
68 65 45 
11 92 3 
71 8 71 
22 50 10 
88 57 85 
21 57 19 
29 99 80 
99 70 16 
34 67 31 
76 2 46 
53 92 38 
74 87 36 
4 16 76 
9 53 76 
13 3 20 
63 88 21 
82 37 0 
46 53 16 
90 80 32 
64 2 33 
96 32 12 
38 17 8 
15 72 68 
59 12 68 
31 3 87 
66 11 63 
26 31 85 
41 13 17 
16 44 0 
83 47 84 
70 23 85 
34 75 30 
7 37 19 
45 85 86 
26 8 20 
4 22 53 
80 90 91 
98 45 65 
72 34 57 
56 37 94 
75 50 38 
99 82 85 
74 76 29 
12 95 61 
88 56 26 
5 8 25 
67 28 50 
59 38 28 
89 7 78 
84 93 41 
20 84 46 
22 16 54 
45 22 27 
93 60 71 
21 64 28 
34 78 26 
3 10 59 
31 1 73 
62 45 48 
67 93 6 
66 90 26 
89 36 77 
79 3 34 
66 68 82 
67 13 71 
20 25 84 
9 82 54 
11 11 11 
37 11 42 
97 53 29 
17 48 43 
43 21 31 
12 74 94 
36 81 73 
91 58 79 
79 43 51 
78 20 35 
93 82 83 
44 60 52 
43 47 26 
34 97 4 
80 48 35 
7 81 50 
71 24 39 
2 85 98 
2 6 64 
34 14 98 
97 88 94 
54 76 94 
56 89 88 
62 41 38 
83 57 77 
49 99 39 
17 0 59 
92 71 7 
34 91 52 
88 21 48 
45 40 36 
54 62 17 
87 84 46 
14 51 24 
41 73 35 
82 34 90 
61 59 14 
2 11 17 
92 37 45 
11 48 10 
65 51 17 
42 2 37 
98 11 5 
82 50 40 
85 85 79 
99 53 46 
31 48 71 
88 23 98 
97 61 27 
77 13 85 
40 62 54 
29 22 69 
23 92 53 
3 24 84 
36 1 40 
14 71 67 
43 83 21 
97 80 73 
47 50 51 
6 45 25 
67 9 17 
55 52 91 
7 20 48 
37 14 2 
1 40 62 
94 68 57 
46 12 36 
26 67 57 
21 52 81 
97 87 67 
93 25 16 
42 6 5 
6 97 63 
15 49 35 
34 25 34 
33 78 10 
50 69 38 
69 15 90 
83 81 30 
51 43 82 
45 56 98 
34 10 81 
10 36 4 
85 87 4 
88 99 84 
33 99 76 
36 76 69 
56 42 42 
26 56 35 
35 26 47 
68 54 92 
73 41 91 
57 41 84 
29 31 62 
16 3 46 
0 7 2 
40 12 36 
67 27 24 
88 8 5 
23 89 38 
40 76 98 
69 60 23 
86 33 32 
0 83 74 
57 7 31 
16 43 99 
18 90 95 
15 27 90 
49 1 85 
53 5 99 
35 51 26 
10 6 9 
78 43 41 
71 68 33 
2 34 57 
87 35 58 
11 40 51 
67 95 65 
33 92 87 
69 20 2 
70 89 51 
91 67 73 
96 30 95 
83 47 46 
58 43 23 
56 27 77 
38 86 13 
85 46 51 
23 74 4 
74 61 86 
25 39 26 
18 69 71 
61 22 95 
62 29 96 
36 97 8 
14 30 87 
36 0 86 
19 73 85 
71 36 1 
99 41 75 
55 68 73 
17 32 80 
68 70 46 
71 4 90 
85 10 33 
0 19 75 
34 64 88 
21 64 0 
69 0 33 
92 41 39 
40 42 15 
27 30 8 
17 61 20 
30 53 64 
44 8 32 
29 54 94 
36 2 77 
79 49 6 
61 9 98 
15 38 30 
20 12 87 
17 26 31 
49 54 46 
93 98 75 
80 12 15 
38 91 5 
86 31 39 
17 98 37 
85 16 77 
17 95 25 
46 80 44 
58 69 43 
85 13 18 
54 61 77 
37 57 28 
95 60 45 
8 26 60 
80 13 22 
34 48 49 
23 11 94 
34 51 31 
74 12 6 
7 8 82 
90 5 75 
5 78 62 
59 61 64 
80 91 99 
12 82 74 
59 82 23 
42 50 68 
97 95 41 
12 77 8 
99 48 94 
61 32 48 
40 7 78 
45 73 41 
73 56 96 
29 52 81 
18 82 32 
62 94 7 
65 25 64 
74 86 50 
47 39 2 
59 81 58 
49 41 0 
51 4 55 
13 51 59 
2 1 72 
93 17 32 
82 26 21 
1 65 48 
76 75 99 
46 12 22 
29 24 70 
6 53 76 
34 44 99 
46 17 19 
3 93 42 
36 9 70 
37 35 12 
20 47 11 
51 57 53 
29 26 48 
86 83 33 
73 71 56 
20 21 69 
38 97 97 
48 5 40 
74 95 88 
14 45 86 
30 53 50 
18 66 82 
69 39 88 
33 76 59 
81 6 14 
64 22 59 
32 52 60 
12 73 49 
45 79 54 
26 83 32 
49 83 48 
52 71 55 
80 52 98 
72 26 78 
97 3 93 
15 91 57 
93 67 6 
25 19 72 
87 22 50 
4 52 74 
18 39 18 
72 1 55 
43 5 15 
73 6 60 
75 67 78 
51 42 30 
71 65 52 
37 79 46 
57 47 48 
79 11 45 
98 41 81 
83 48 80 
59 56 34 
15 75 27 
50 46 82 
61 36 48 
83 16 53 
66 83 14 
3 95 57 
14 36 85 
4 5 79 
32 77 30 
28 93 89 
85 14 89 
73 41 37 
43 97 28 
96 26 48 
18 2 8 
9 33 17 
37 67 25 
35 36 51 
79 26 14 
18 16 78 
30 85 20 
29 83 24 
58 5 92 
52 39 38 
41 57 14 
55 73 79 
60 5 89 
83 7 35 
39 70 4 
69 91 76 
86 68 36 
57 51 11 
57 76 4 
19 0 78 
30 80 83 
81 80 89 
83 55 94 
78 29 40 
65 76 10 
7 20 1 
89 28 39 
64 81 16 
95 90 41 
46 96 26 
54 76 0 
8 44 59 
36 4 76 
77 64 32 
71 40 37 
3 96 55 
81 0 20 
36 49 7 
97 81 21 
92 33 6 
41 5 5 
26 58 82 
47 1 2 
85 78 1 
11 21 61 
89 83 53 
23 32 60 
89 95 26 
5 27 38 
82 66 16 
24 56 91 
87 28 18 
49 63 15 
2 95 37 
11 54 29 
68 47 26 
98 69 54 
97 49 17 
90 42 86 
39 82 59 
70 57 78 
40 50 29 
16 71 14 
68 12 55 
27 58 13 
4 88 45 
29 81 10 
52 74 59 
20 51 21 
40 60 74 
53 33 86 
87 8 24 
21 25 54 
48 52 59 
9 39 86 
42 28 92 
85 15 22 
20 1 0 
84 82 61 
95 36 27 
24 35 20 
60 53 47 
19 72 73 
76 87 81 
99 27 60 
85 73 89 
32 98 77 
11 83 31 
31 25 40 
32 9 89 
57 66 5 
55 41 16 
37 65 83 
93 12 74 
0 55 86 
64 46 61 
12 15 84 
30 76 33 
31 70 97 
59 54 73 
54 44 85 
42 18 21 
35 18 14 
91 69 64 
50 88 61 
22 59 21 
90 10 78 
62 99 86 
17 85 98 
11 54 34 
25 28 64 
51 22 37 
52 84 83 
66 80 39 
37 38 87 
70 20 70 
51 38 88 
97 63 10 
71 76 2 
71 83 28 
83 28 89 
6 64 87 
83 63 84 
59 44 11 
31 92 23 
65 29 35 
76 71 76 
97 22 15 
94 65 66 
30 36 34 
89 45 57 
6 26 16 
90 51 5 
15 18 12 
48 77 28 
47 8 10 
14 3 29 
70 28 65 
24 79 3 
46 70 23 
26 14 57 
81 66 69 
65 23 52 
31 15 42 
71 67 73 
2 19 91 
97 51 71 
59 3 81 
53 30 95 
63 95 85 
20 8 27 
3 2 33 
45 59 2 
18 76 25 
89 40 74 
53 2 55 
57 33 47 
66 86 95 
54 34 81 
72 82 71 
80 59 81 
2 83 55 
88 13 31 
95 65 44 
14 9 58 
61 51 40 
92 50 58 
79 68 44 
74 26 69 
57 62 14 
37 34 81 
96 65 93 
98 71 35 
18 61 56 
18 24 2 
42 35 31 
23 31 17 
64 42 94 
64 95 33 
64 90 15 
18 89 80 
7 77 16 
71 52 96 
99 3 21 
60 8 98 
86 63 57 
22 35 73 
32 93 10 
94 55 1 
16 57 65 
75 75 18 
40 66 33 
79 91 58 
70 71 7 
78 47 53 
38 91 39 
28 42 17 
80 4 22 
46 50 68 
83 0 63 
62 33 8 
8 21 31 
56 59 18 
13 53 75 
4 88 70 
42 54 44 
66 71 78 
91 14 96 
54 82 85 
0 39 66 
23 57 24 
14 65 36 
41 44 48 
92 11 89 
69 26 91 
19 38 82 
93 13 80 
69 84 14 
30 19 52 
12 94 83 
56 59 31 
35 39 43 
43 31 5 
40 51 26 
52 40 93 
2 6 55 
46 19 71 
69 6 86 
5 57 76 
37 2 41 
74 75 38 
99 32 2 
2 30 62 
78 84 72 
7 51 3 
4 45 48 
39 43 33 
9 18 38 
76 74 31 
44 76 5 
32 68 59 
85 63 15 
98 94 30 
83 18 26 
64 95 20 
83 3 24 
17 83 20 
19 34 14 
15 40 62 
18 91 80 
90 26 89 
78 29 11 
78 80 45 
19 75 41 
0 32 88 
27 46 31 
24 10 39 
87 40 15 
18 96 59 
52 30 14 
33 90 70 
21 8 33 
53 92 86 
11 91 90 
17 63 38 
73 61 83 
74 89 78 
24 56 54 
7 53 95 
33 0 13 
63 15 96 
92 37 99 
67 9 61 
52 97 9 
4 98 66 
75 39 36 
6 77 78 
27 3 90 
36 87 43 
86 32 91 
40 76 27 
48 19 4 
63 83 18 
6 8 17 
90 98 47 
88 78 91 
28 0 35 
90 44 86 
32 65 22 
38 66 48 
77 58 93 
91 82 99 
27 36 0 
16 63 50 
40 81 35 
81 60 65 
71 77 45 
6 32 3 
28 64 7 
82 8 19 
60 59 45 
57 28 55 
16 66 99 
81 41 8 
60 29 7 
12 17 52 
30 59 21 
36 13 26 
94 29 66 
91 53 46 
88 86 28 
9 42 41 
93 47 13 
72 33 5 
1 8 23 
98 27 92 
10 87 97 
59 11 51 
39 3 73 
37 32 6 
90 42 49 
43 11 2 
51 26 38 
34 73 4 
53 64 62 
19 81 11 
87 30 78 
70 69 71 
79 50 69 
0 20 5 
17 28 23 
44 89 7 
59 24 13 
83 78 17 
75 27 81 
49 87 57 
1 1 41 
11 54 27 
16 74 37 
86 99 97 
14 13 31 
86 48 23 
58 24 29 
6 90 71 
28 5 2 
6 0 46 
54 74 57 
60 2 42 
53 46 43 
43 25 36 
68 66 77 
91 79 28 
10 15 78 
80 98 23 
63 92 92 
66 94 97 
65 97 47 
24 73 61 
27 68 53 
41 8 23 
12 70 27 
86 54 37 
20 12 51 
41 26 99 
29 30 70 
95 58 17 
88 60 26 
57 65 39 
46 54 99 
92 81 5 
72 77 49 
57 39 57 
24 23 43 
47 80 13 
87 62 86 
17 3 33 
68 68 82 
57 17 45 
71 4 38 
97 22 96 
44 83 4 
66 18 80 
20 48 67 
18 12 72 
55 84 24 
72 8 3 
0 33 37 
8 44 83 
80 15 75 
11 96 83 
96 22 16 
13 43 29 
15 77 70 
85 87 22 
52 71 29 
93 24 14 
40 14 54 
48 20 78 
78 50 19 
24 24 99 
23 22 75 
53 82 76 
90 45 49 
52 91 75 
68 56 35 
97 9 52 
32 23 59 
64 99 0 
77 24 44 
59 38 74 
83 95 59 
86 48 84 
37 8 44 
67 65 10 
96 34 75 
36 64 44 
24 93 29 
30 59 69 
95 76 56 
33 64 13 
84 64 74 
8 8 48 
31 22 90 
12 3 50 
56 74 45 
48 49 73 
21 7 77 
67 99 71 
23 62 76 
52 89 40 
53 80 30 
7 87 12 
19 94 73 
33 54 90 
33 31 67 
76 41 4 
46 25 9 
62 56 58 
94 71 86 
49 53 90 
66 59 40 
98 6 27 
82 57 94 
55 47 30 
19 80 97 
13 29 30 
62 11 39 
76 70 6 
6 9 10 
99 25 26 
56 14 51 
81 62 25 
98 90 1 
5 26 36 
49 97 90 
40 52 92 
87 97 77 
25 55 83 
79 69 87 
53 14 71 
4 88 85 
35 72 12 
56 50 54 
66 19 53 
14 0 2 
68 53 67 
12 85 20 
30 15 70 
66 9 23 
10 70 84 
72 35 21 
25 63 64 
88 93 70 
49 41 51 
29 52 40 
75 34 29 
92 24 50 
8 49 72 
39 7 17 
24 51 88 
9 88 67 
6 57 87 
60 12 27 
84 85 42 
1 17 47 
86 36 89 
25 61 47 
20 79 90 
67 32 42 
87 21 33 
87 44 9 
25 10 3 
47 92 36 
56 21 18 
39 71 78 
90 17 26 
58 45 88 
24 47 4 
80 10 80 
61 87 84 
17 88 71 
97 89 19 
88 24 65 
16 86 98 
20 74 77 
97 19 10 
31 24 77 
36 37 72 
55 81 58 
79 42 69 
9 66 35 
22 7 86 
4 82 29 
48 18 23 
68 15 46 
26 28 59 
32 51 26 
31 72 20 
34 56 66 
53 79 5 
1 58 31 
53 98 31 
53 2 58 
56 14 89 
59 63 67 
86 3 24 
75 75 13 
9 91 87 
32 48 64 
61 66 78 
64 98 2 
48 90 94 
70 52 68 
50 20 97 
67 19 55 
89 21 73 
82 88 87 
0 92 20 
58 49 95 
71 19 94 
45 96 43 
24 15 25 
24 38 25 
22 85 22 
77 19 66 
66 25 57 
93 19 51 
47 54 14 
65 65 2 
56 85 10 
2 32 85 
96 61 66 
62 73 38 
66 62 92 
79 95 65 
6 36 22 
40 73 18 
77 81 37 
3 99 83 
52 88 5 
22 43 54 
29 3 12 
97 12 2 
34 52 20 
96 10 30 
24 20 72 
83 7 44 
13 44 35 
69 71 33 
11 78 19 
32 5 30 
39 26 52 
79 27 22 
46 78 99 
31 26 11 
88 33 68 
35 34 59 
54 46 43 
73 85 66 
60 30 98 
33 45 74 
44 89 65 
54 25 84 
19 95 58 
43 7 89 
81 23 4 
48 28 29 
21 14 1 
33 63 85 
23 32 73 
88 84 11 
23 95 81 
34 21 10 
80 66 21 
11 89 23 
87 32 80 
17 53 61 
34 95 30 
63 52 4 
96 43 18 
32 42 56 
82 54 63 
88 66 49 
30 35 77 
74 35 31 
41 13 19 
29 53 61 
72 24 61 
12 66 5 
25 9 6 
15 83 40 
40 45 51 
98 31 16 
4 81 39 
28 58 74 
13 28 0 
31 62 49 
31 73 80 
77 81 78 
48 36 32 
72 42 88 
30 10 64 
90 89 37 
55 23 59 
2 64 46 
89 61 42 
96 51 26 
31 38 64 
89 62 90 
96 61 59 
17 5 45 
39 18 10 
32 48 58 
30 12 19 
76 60 18 
21 13 35 
58 58 29 
43 62 20 
81 85 15 
52 89 46 
12 69 76 
65 90 15 
77 26 54 
61 55 15 
96 80 68 
24 46 6 
68 39 1 
74 73 86 
89 94 82 
93 37 61 
67 69 92 
6 44 57 
11 64 41 
69 37 62 
73 21 38 
50 60 66 
14 26 7 
70 11 94 
95 87 85 
35 96 55 
21 52 64 
92 67 45 
56 74 77 
45 56 31 
49 91 98 
0 59 91 
93 46 1 
58 40 77 
95 70 18 
99 78 39 
31 39 55 
82 98 57 
0 24 49 
33 48 98 
3 38 91 
54 77 47 
37 64 87 
87 99 96 
24 80 18 
67 17 56 
1 47 90 
83 63 30 
6 34 44 
80 1 17 
28 5 79 
25 72 18 
64 79 47 
79 25 52 
65 43 37 
86 67 69 
1 36 6 
42 20 33 
14 98 60 
65 1 20 
93 78 53 
69 30 0 
86 7 5 
83 74 50 
26 65 32 
19 95 53 
27 11 6 
66 73 40 
22 75 89 
30 12 19 
60 1 74 
13 95 2 
40 82 59 
46 1 46 
0 91 74 
7 85 45 
71 8 64 
72 42 91 
19 34 45 
70 88 41 
67 93 37 
8 61 0 
41 85 55 
42 54 80 
79 19 74 
6 34 17 
48 26 3 
91 14 36 
2 32 20 
75 26 0 
74 50 28 
26 99 1 
15 6 89 
34 57 78 
38 64 79 
64 26 92 
53 48 5 
38 66 11 
92 77 29 
5 14 31 
95 23 88 
96 20 69 
31 30 35 
30 75 72 
13 4 34 
61 65 24 
1 49 95 
97 12 15 
51 99 89 
25 80 82 
30 33 19 
6 87 42 
18 99 0 
38 80 59 
90 75 64 
39 1 4 
15 46 22 
57 81 96 
98 50 15 
55 51 64 
82 29 67 
63 69 60 
61 64 27 
13 38 29 
19 66 70 
31 27 53 
41 78 43 
90 70 2 
60 39 94 
97 8 76 
98 8 20 
37 25 56 
52 94 88 
90 44 16 
47 58 78 
36 84 72 
41 87 39 
26 53 79 
82 60 29 
14 99 39 
85 6 81 
43 80 40 
59 85 77 
58 44 83 
88 25 6 
11 83 10 
33 45 28 
63 46 12 
45 28 89 
92 59 71 
91 17 23 
70 36 31 
50 56 50 
71 21 8 
68 59 5 
8 96 17 
52 49 15 
3 33 52 
56 64 50 
3 44 35 
79 28 24 
53 48 17 
32 39 83 
79 20 32 
2 29 18 
91 70 12 
61 96 52 
44 16 82 
76 61 45 
14 64 47 
35 94 67 
55 38 82 
2 38 31 
50 22 93 
46 77 57 
19 5 76 
19 68 53 
37 11 65 
15 89 74 
18 25 52 
5 22 88 
8 63 57 
78 0 2 
85 24 6 
6 58 51 
84 20 78 
6 85 68 
69 40 34 
5 28 59 
39 22 90 
15 48 7 
85 89 88 
11 44 86 
35 20 91 
31 58 25 
1 47 62 
95 12 40 
50 41 82 
88 13 64 
35 43 48 
28 26 87 
9 91 4 
24 80 25 
47 36 40 
32 17 48 
33 75 75 
18 85 47 
55 74 88 
88 96 79 
87 75 98 
7 39 19 
99 50 67 
75 0 97 
93 58 6 
44 55 67 
21 24 63 
64 19 34 
21 95 12 
97 46 74 
92 59 26 
54 62 34 
92 5 17 
13 34 96 
5 95 83 
55 32 4 
35 83 21 
49 43 82 
50 50 50 
99 85 72 
34 76 95 
51 77 52 
50 56 61 
38 77 23 
48 65 59 
56 44 84 
80 49 95 
0 56 42 
43 82 75 
3 96 71 
75 70 87 
82 6 20 
12 11 47 
6 16 6 
6 7 15 
25 97 79 
70 81 18 
0 71 55 
12 18 2 
3 47 67 
9 6 85 
77 97 83 
80 37 31 
92 68 84 
88 74 27 
4 43 29 
66 12 28 
96 34 24 
21 82 11 
73 95 70 
72 45 85 
26 42 98 
83 73 82 
25 23 66 
71 6 46 
31 69 10 
89 23 41 
6 38 22 
26 65 3 
57 96 12 
38 10 67 
13 19 50 
46 17 18 
46 59 9 
31 87 91 
66 27 11 
59 53 10 
99 16 82 
66 71 91 
35 15 96 
28 98 40 
71 86 4 
76 47 31 
9 37 35 
3 56 75 
80 52 94 
10 81 78 
16 54 12 
42 8 71 
94 22 34 
46 68 67 
31 40 22 
3 47 61 
77 16 32 
16 60 67 
58 45 21 
6 24 40 
69 73 88 
13 20 22 
83 79 53 
20 19 84 
88 71 25 
21 81 37 
55 32 58 
8 29 2 
59 96 48 
5 75 35 
76 94 25 
66 28 51 
67 66 27 
28 33 50 
38 49 48 
47 25 28 
61 46 52 
73 67 87 
77 3 20 
68 30 17 
61 16 92 
87 79 72 
11 57 18 
48 75 53 
59 5 42 
14 49 28 
93 77 65 
93 31 23 
41 54 77 
64 38 83 
22 22 11 
79 80 25 
93 77 21 
66 24 28 
87 98 74 
50 77 14 
75 90 24 
31 2 51 
8 12 45 
33 56 49 
29 66 37 
98 78 92 
14 52 67 
83 70 98 
71 73 99 
94 42 35 
27 60 53 
35 34 13 
65 94 83 
89 98 66 
36 3 62 
50 1 32 
38 18 46 
66 94 54 
53 71 49 
94 39 34 
38 77 1 
91 79 86 
34 92 22 
64 77 23 
99 28 58 
69 67 40 
22 82 78 
26 79 58 
88 33 66 
36 67 16 
15 91 80 
68 37 42 
14 60 42 
76 72 85 
11 8 72 
28 34 20 
25 28 47 
28 95 66 
69 96 87 
59 8 80 
24 25 97 
19 51 81 
40 48 67 
65 28 31 
61 90 13 
20 14 53 
32 36 87 
49 68 79 
24 3 65 
13 41 49 
69 81 39 
42 44 29 
91 32 61 
88 18 70 
23 72 12 
82 54 18 
27 0 33 
55 80 44 
2 97 61 
40 70 69 
12 27 27 
81 85 76 
84 44 89 
31 50 5 
90 79 76 
12 25 28 
49 6 40 
71 16 85 
16 68 9 
50 38 91 
54 59 27 
23 80 41 
58 59 44 
80 30 23 
23 77 67 
48 26 35 
72 92 35 
33 35 12 
22 8 37 
92 65 88 
89 96 60 
1 75 49 
83 80 49 
43 22 86 
35 0 58 
81 36 68 
82 16 71 
5 66 65 
47 44 98 
49 14 48 
98 59 59 
44 86 81 
59 76 93 
4 94 19 
29 44 5 
44 77 95 
77 51 25 
62 92 87 
98 90 8 
50 78 61 
56 11 24 
51 64 93 
23 23 24 
61 26 25 
24 19 94 
19 15 85 
88 56 13 
21 34 64 
0 30 23 
92 94 49 
90 67 53 
72 36 72 
32 89 24 
58 36 11 
12 74 23 
77 99 10 
46 15 15 
82 35 52 
97 84 62 
18 19 52 
29 76 74 
74 34 48 
68 66 62 
40 33 3 
66 70 50 
70 70 91 
43 88 80 
17 48 45 
30 47 59 
92 33 16 
12 16 1 
63 22 24 
98 92 29 
52 97 36 
29 56 81 
37 16 48 
59 0 71 
22 14 14 
50 74 10 
99 85 45 
4 81 17 
74 14 16 
3 79 38 
80 89 21 
79 27 93 
28 52 22 
89 10 58 
46 44 92 
79 98 37 
83 19 82 
65 23 93 
57 18 8 
42 48 37 
21 98 41 
25 88 73 
71 91 12 
85 19 77 
83 38 36 
36 64 38 
36 72 96 
0 88 66 
93 85 9 
39 67 5 
40 48 63 
85 52 99 
23 52 34 
43 26 79 
90 8 72 
27 17 46 
65 5 46 
51 73 32 
71 94 45 
11 81 87 
26 28 6 
87 32 66 
97 60 51 
5 64 51 
14 21 33 
17 74 22 
28 8 72 
49 73 68 
21 27 43 
4 71 74 
54 95 50 
15 20 25 
15 15 10 
35 15 76 
93 20 26 
38 5 15 
29 62 57 
89 79 5 
2 89 16 
3 35 38 
46 63 10 
23 73 47 
8 68 39 
18 75 48 
38 5 48 
17 72 51 
9 92 29 
97 70 33 
10 86 25 
40 73 74 
18 14 0 
17 11 20 
13 64 27 
25 15 75 
69 59 34 
81 30 2 
65 77 71 
68 67 30 
59 27 80 
65 16 92 
47 93 58 
41 45 23 
70 36 32 
68 31 57 
82 25 81 
97 90 80 
12 39 7 
65 55 58 
52 58 99 
23 36 77 
20 65 59 
55 91 42 
58 77 35 
74 9 56 
65 20 35 
56 75 75 
87 60 9 
7 60 78 
17 46 35 
18 31 20 
86 67 57 
34 2 43 
99 89 36 
75 45 58 
29 57 47 
30 58 43 
49 0 78 
53 92 70 
94 3 28 
16 0 17 
9 94 96 
74 14 18 
5 92 94 
1 68 28 
0 45 97 
49 30 68 
31 73 27 
92 79 69 
62 6 35 
44 8 40 
90 24 22 
74 25 73 
34 63 2 
32 92 62 
11 62 75 
57 92 89 
83 97 55 
8 53 71 
6 37 63 
0 11 36 
48 6 7 
1 62 81 
54 6 53 
99 43 1 
11 36 49 
6 65 49 
25 16 41 
77 27 88 
59 16 85 
13 66 2 
63 89 39 
41 17 95 
10 52 85 
96 80 93 
83 50 72 
59 31 98 
97 81 78 
40 41 76 
38 44 71 
85 88 45 
84 25 45 
88 52 2 
87 71 51 
96 24 58 
28 48 28 
75 10 82 
21 56 46 
3 54 22 
98 77 99 
36 12 83 
13 20 81 
36 46 0 
67 54 99 
21 6 34 
36 85 58 
80 89 85 
18 94 54 
7 83 53 
1 19 40 
80 95 2 
74 34 67 
85 55 44 
52 87 40 
9 39 83 
68 67 60 
97 70 6 
77 13 43 
97 10 7 
55 77 2 
90 34 82 
29 60 54 
16 75 57 
24 49 82 
38 72 10 
75 70 42 
90 25 45 
26 10 85 
81 22 8 
94 48 89 
34 55 14 
53 99 96 
21 61 33 
57 94 68 
74 66 8 
65 86 32 
44 4 54 
3 22 55 
18 2 33 
23 55 3 
64 41 90 
74 34 89 
84 85 77 
86 15 55 
54 19 16 
85 38 35 
92 15 26 
85 56 53 
92 53 21 
43 41 10 
32 67 24 
53 52 22 
6 59 33 
11 68 0 
31 6 96 
30 15 23 
75 34 90 
17 90 14 
89 61 17 
58 7 23 
17 78 22 
99 25 8 
74 68 49 
50 94 51 
32 77 47 
52 94 91 
1 16 5 
9 3 89 
9 68 37 
34 43 80 
56 35 7 
38 77 61 
23 86 99 
29 75 89 
98 90 98 
58 10 89 
52 80 29 
16 21 97 
25 95 35 
23 4 83 
60 35 47 
38 58 15 
85 40 98 
30 76 62 
61 57 38 
77 12 67 
42 6 61 
92 74 16 
44 35 3 
57 97 42 
26 46 94 
19 42 78 
33 76 90 
66 39 92 
60 61 68 
7 26 98 
64 83 88 
8 66 53 
36 62 27 
42 85 38 
14 24 40 
52 14 28 
3 37 64 
69 2 11 
79 81 56 
50 36 5 
5 99 33 
1 10 96 
66 53 97 
75 26 26 
91 94 32 
49 86 64 
62 48 64 
77 5 99 
31 48 75 
35 56 4 
18 10 61 
50 67 81 
56 48 36 
52 31 20 
78 87 73 
95 85 56 
35 76 29 
2 10 78 
37 49 29 
45 56 85 
37 78 48 
85 83 45 
31 7 66 
60 34 54 
17 92 36 
33 42 70 
54 95 13 
5 72 66 
22 86 48 
49 95 93 
10 45 77 
83 30 31 
78 99 41 
87 51 54 
57 67 47 
84 32 62 
71 45 57 
15 7 92 
62 40 17 
5 23 4 
89 35 95 
0 36 21 
56 27 97 
13 7 84 
92 24 73 
85 85 86 
86 4 4 
87 93 43 
19 40 11 
62 71 82 
91 14 8 
49 82 22 
85 51 98 
98 10 86 
36 14 58 
57 52 29 
84 48 78 
62 34 52 
14 32 46 
27 50 80 
57 34 55 
56 98 54 
54 98 46 
74 94 24 
6 26 1 
54 5 66 
96 0 23 
53 49 52 
19 55 38 
70 24 90 
20 52 10 
82 87 66 
2 70 98 
32 11 45 
7 65 7 
47 46 0 
82 79 41 
45 92 55 
91 78 50 
42 82 6 
56 34 20 
54 65 10 
52 40 39 
34 53 97 
21 62 46 
77 37 60 
35 86 55 
9 53 12 
12 49 35 
25 26 99 
88 36 77 
61 92 69 
97 3 95 
75 64 93 
27 35 32 
42 5 5 
1 31 34 
64 9 29 
35 53 13 
45 2 63 
84 46 24 
44 87 4 
87 76 45 
23 35 43 
52 42 88 
38 42 60 
76 73 29 
90 32 57 
28 54 47 
99 71 73 
90 94 6 
56 65 38 
25 67 94 
52 73 13 
32 29 25 
64 5 21 
29 31 72 
87 48 15 
45 20 44 
70 2 57 
13 19 59 
85 87 54 
54 71 90 
90 41 48 
60 50 13 
5 76 50 
23 17 83 
0 59 61 
21 32 97 
39 30 65 
91 89 42 
59 58 20 
71 98 23 
33 1 92 
85 24 90 
76 27 15 
57 88 99 
38 16 90 
6 71 25 
5 37 58 
42 73 22 
17 24 30 
35 55 23 
70 10 15 
29 75 9 
74 12 26 
17 29 42 
75 8 79 
1 7 51 
18 18 72 
50 82 53 
6 61 57 
69 96 7 
86 95 0 
4 22 16 
41 81 58 
2 1 91 
14 38 60 
33 15 32 
35 35 60 
5 35 36 
53 32 63 
21 48 8 
96 97 66 
1 54 20 
46 29 11 
14 9 56 
10 12 82 
44 45 82 
60 86 43 
6 3 62 
18 67 72 
82 36 97 
72 49 55 
85 64 97 
83 29 1 
23 23 2 
5 45 69 
95 83 16 
65 63 38 
36 64 85 
82 46 26 
10 55 46 
75 71 76 
84 59 70 
79 40 95 
21 26 23 
88 74 52 
88 63 99 
39 75 86 
73 35 57 
33 30 58 
52 41 30 
67 83 90 
5 38 24 
92 19 33 
1 36 29 
68 4 67 
98 9 0 
21 23 66 
23 76 6 
74 78 84 
54 45 86 
36 89 84 
2 0 34 
51 69 55 
71 23 2 
91 30 35 
19 70 41 
81 94 33 
4 88 44 
51 28 95 
28 89 3 
9 4 28 
25 69 97 
81 30 58 
62 12 65 
35 24 42 
27 8 59 
27 39 46 
12 70 0 
65 97 55 
59 78 24 
69 54 26 
36 70 68 
98 70 11 
63 0 72 
26 34 38 
71 9 22 
64 16 98 
33 11 77 
4 69 21 
75 76 32 
99 45 15 
98 92 98 
25 5 26 
80 67 32 
76 32 44 
37 16 27 
96 56 1 
69 66 83 
39 87 0 
67 90 25 
14 21 15 
36 44 89 
83 12 98 
41 19 8 
50 71 62 
54 90 5 
49 78 26 
85 28 12 
19 83 10 
38 33 88 
1 5 58 
54 59 77 
62 62 60 
70 31 94 
71 51 72 
6 42 16 
1 67 9 
73 33 4 
84 23 16 
11 16 86 
51 2 34 
73 7 50 
18 66 60 
55 11 68 
85 93 37 
73 92 51 
76 74 29 
75 52 71 
22 18 20 
20 34 32 
26 28 34 
60 71 59 
11 5 75 
54 6 4 
3 60 50 
85 21 25 
84 74 97 
41 47 10 
39 16 92 
41 30 52 
52 81 27 
34 99 76 
34 95 34 
36 65 79 
73 50 81 
46 31 20 
54 34 18 
9 6 55 
25 20 74 
47 91 64 
37 87 15 
58 31 40 
88 63 23 
26 6 91 
80 79 60 
69 4 69 
4 56 27 
65 3 21 
38 25 47 
8 99 64 
55 66 56 
88 52 3 
16 84 18 
57 83 21 
80 8 70 
70 95 20 
52 24 35 
67 6 93 
1 58 1 
36 85 55 
42 92 2 
11 22 81 
50 2 78 
95 30 25 
84 86 63 
19 68 6 
96 13 94 
36 44 33 
47 90 13 
63 64 34 
36 81 99 
17 28 68 
87 67 44 
63 55 1 
12 22 17 
23 42 59 
59 40 89 
18 7 66 
65 68 19 
18 21 4 
33 88 74 
76 92 19 
33 20 8 
56 48 6 
26 34 87 
55 1 0 
41 46 28 
59 78 95 
53 71 7 
28 8 88 
28 33 48 
29 72 37 
94 43 26 
76 92 78 
85 50 57 
68 12 5 
13 59 56 
45 22 25 
0 84 53 
30 69 47 
71 55 24 
28 7 37 
5 94 78 
86 17 32 
14 92 40 
95 73 22 
0 44 63 
66 39 40 
2 66 90 
45 27 34 
77 98 21 
82 91 43 
95 21 38 
78 45 5 
72 89 59 
71 42 30 
32 24 86 
55 32 33 
93 37 36 
60 64 53 
91 8 2 
17 53 75 
97 82 72 
84 28 52 
41 40 49 
73 17 92 
41 46 5 
4 54 63 
59 79 17 
32 11 42 
33 92 59 
80 59 85 
73 42 67 
12 27 17 
32 99 20 
40 16 58 
73 24 52 
8 11 43 
63 41 86 
47 17 96 
53 94 27 
49 60 4 
35 58 94 
14 18 21 
37 7 42 
81 46 2 
73 57 40 
28 20 67 
63 11 38 
71 56 81 
72 53 10 
63 14 34 
36 66 40 
2 50 81 
62 51 59 
84 46 33 
42 38 55 
85 98 19 
73 35 89 
11 8 25 
88 24 79 
53 79 37 
44 23 89 
26 1 22 
97 86 71 
72 56 3 
33 62 81 
10 69 46 
2 43 57 
81 34 27 
85 55 38 
24 19 45 
81 54 32 
81 78 90 
40 5 84 
43 55 34 
15 59 90 
58 21 13 
61 66 73 
59 27 19 
13 60 95 
69 7 9 
49 99 1 
3 91 25 
3 31 28 
88 50 87 
23 2 21 
81 39 1 
76 33 5 
21 69 90 
95 59 2 
37 6 71 
60 77 35 
39 70 44 
50 94 61 
61 10 80 
36 79 11 
67 0 19 
43 92 48 
17 45 15 
31 1 41 
31 88 11 
81 11 44 
22 99 4 
44 9 30 
35 97 17 
21 41 80 
10 58 62 
80 10 27 
52 90 85 
37 84 14 
25 8 40 
99 65 33 
68 93 0 
31 79 91 
18 62 71 
74 2 68 
56 12 71 
67 9 65 
88 80 49 
7 82 52 
13 35 92 
3 70 75 
5 80 65 
29 16 38 
87 75 5 
86 84 80 
69 22 75 
22 44 87 
71 22 8 
56 61 74 
38 34 65 
40 90 32 
87 35 62 
82 34 85 
14 43 37 
16 3 78 
90 92 4 
26 40 55 
43 30 47 
77 75 95 
94 0 70 
74 6 62 
78 1 20 
70 0 2 
83 38 77 
77 62 34 
85 91 79 
69 89 73 
42 44 90 
67 21 22 
9 0 32 
99 71 26 
76 60 90 
43 14 58 
40 64 32 
32 64 24 
27 61 35 
14 31 60 
30 94 16 
50 75 76 
70 34 69 
33 83 74 
4 60 14 
0 26 51 
42 53 50 
88 86 67 
23 63 80 
78 40 15 
75 35 57 
15 53 0 
18 13 30 
13 28 17 
70 42 68 
3 35 25 
62 10 72 
52 27 89 
23 75 53 
15 89 55 
94 67 18 
42 19 3 
27 25 47 
18 40 76 
95 19 19 
93 10 93 
67 2 87 
77 14 2 
17 66 84 
38 37 72 
11 90 51 
74 5 69 
75 70 74 
7 40 71 
16 66 51 
95 25 66 
39 62 2 
49 98 79 
27 75 39 
97 68 76 
79 37 27 
29 15 26 
66 11 80 
80 68 87 
90 9 46 
1 29 74 
37 48 89 
37 97 24 
49 54 5 
95 35 45 
28 7 32 
58 94 76 
74 35 6 
55 36 84 
48 61 62 
81 75 84 
97 5 59 
95 79 61 
50 61 37 
62 70 58 
69 79 71 
47 48 7 
27 25 19 
50 11 22 
74 94 5 
41 72 94 
52 68 67 
77 25 88 
57 79 72 
98 56 91 
0 79 98 
72 71 46 
70 81 54 
50 35 24 
49 29 15 
5 25 18 
28 98 36 
57 53 48 
2 53 54 
64 24 82 
85 60 90 
7 73 19 
47 52 1 
5 29 57 
46 78 42 
49 77 2 
40 96 3 
58 48 56 
66 21 47 
16 74 19 
53 49 60 
46 31 82 
57 89 91 
41 21 81 
90 10 66 
39 93 21 
13 39 6 
94 84 65 
28 25 51 
51 31 21 
22 78 34 
26 58 73 
41 84 55 
52 58 7 
7 80 15 
27 26 30 
9 58 64 
73 98 88 
94 39 49 
6 81 6 
48 85 80 
22 14 44 
50 41 15 
75 80 16 
30 21 73 
71 16 23 
64 56 56 
75 64 76 
86 48 89 
43 93 20 
64 88 90 
76 76 88 
40 22 50 
84 53 20 
33 26 55 
20 14 78 
57 34 14 
82 70 99 
73 92 47 
62 53 66 
7 48 54 
26 61 52 
55 21 85 
37 42 22 
62 85 98 
69 62 78 
10 36 1 
26 34 18 
72 34 15 
29 86 36 
80 48 83 
32 37 91 
47 64 50 
33 86 38 
41 14 10 
91 32 58 
9 6 0 
20 7 16 
64 40 77 
85 30 38 
49 84 25 
21 75 59 
84 2 9 
0 72 57 
70 27 34 
56 29 69 
68 78 69 
43 93 12 
45 49 32 
92 28 26 
77 22 99 
91 98 71 
16 70 38 
25 37 23 
17 62 63 
54 29 56 
90 47 82 
27 93 14 
34 26 86 
49 78 41 
36 89 93 
52 88 39 
10 82 31 
24 6 31 
80 34 75 
7 4 43 
54 79 82 
60 55 42 
32 55 99 
30 77 30 
37 18 87 
74 24 78 
59 72 64 
35 21 92 
77 6 4 
52 11 45 
61 2 69 
98 87 11 
4 73 79 
97 69 21 
83 35 57 
56 74 43 
46 6 30 
98 16 22 
39 63 97 
43 54 87 
51 94 91 
66 57 92 
87 65 63 
94 36 85 
69 83 89 
83 45 46 
13 4 29 
45 12 28 
18 7 72 
79 14 77 
28 82 94 
2 18 20 
86 50 82 
73 56 28 
98 63 40 
20 80 26 
2 21 18 
93 35 18 
65 24 65 
3 6 83 
54 38 93 
0 92 34 
91 75 1 
42 57 48 
14 74 55 
2 32 20 
36 7 70 
14 86 67 
80 67 1 
30 38 24 
62 93 74 
57 52 73 
77 62 38 
27 17 40 
61 26 64 
74 67 58 
58 98 23 
91 17 21 
91 95 31 
87 97 29 
60 73 42 
29 10 74 
99 91 22 
32 1 39 
32 97 14 
55 11 80 
35 79 76 
60 16 6 
81 52 48 
6 56 83 
16 29 6 
27 86 60 
30 64 39 
43 11 44 
20 55 6 
82 1 81 
5 69 69 
79 23 13 
76 97 43 
21 39 21 
1 41 43 
95 74 7 
55 93 55 
71 94 49 
1 58 23 
78 86 92 
19 6 66 
71 12 29 
35 67 69 
14 16 80 
67 44 99 
62 72 44 
8 30 41 
46 31 86 
18 97 38 
15 83 76 
44 67 21 
47 84 79 
2 90 30 
74 24 60 
88 97 93 
9 96 35 
96 93 16 
74 99 60 
72 31 9 
35 29 29 
67 75 1 
99 51 30 
18 72 21 
49 92 71 
80 8 93 
47 27 44 
57 81 55 
8 96 35 
78 58 78 
30 79 41 
42 70 17 
21 78 63 
35 91 29 
92 29 79 
66 62 7 
90 11 38 
88 27 5 
10 46 52 
23 60 71 
50 66 44 
8 17 93 
9 4 79 
69 68 51 
99 4 49 
1 75 83 
93 54 76 
89 11 58 
9 66 38 
45 63 45 
83 90 63 
91 93 3 
14 31 95 
37 25 59 
41 63 24 
68 61 33 
70 27 57 
62 77 12 
25 79 41 
45 7 14 
89 47 83 
39 47 17 
94 33 66 
61 17 77 
39 8 75 
38 83 67 
90 99 60 
21 96 78 
3 48 54 
9 49 93 
94 53 12 
3 32 5 
48 16 15 
80 86 45 
57 60 50 
4 42 31 
2 38 1 
40 62 2 
93 24 13 
98 12 30 
74 95 58 
30 87 28 
88 79 28 
13 63 58 
47 5 84 
3 28 19 
15 35 13 
95 57 68 
59 69 3 
14 34 79 
9 87 91 
65 2 83 
60 30 0 
96 3 51 
97 11 9 
18 96 78 
84 47 61 
7 69 40 
43 58 72 
48 10 25 
22 14 49 
34 68 96 
35 88 3 
62 62 75 
68 8 12 
76 53 82 
62 54 12 
68 0 91 
92 62 90 
74 97 8 
43 46 94 
19 65 43 
28 84 96 
74 88 29 
21 47 60 
14 80 13 
14 43 34 
78 76 75 
36 8 66 
69 45 5 
45 85 53 
30 18 45 
52 9 52 
38 12 69 
0 3 59 
34 12 74 
57 86 13 
18 15 17 
22 42 42 
26 34 20 
58 91 67 
52 12 59 
32 9 11 
7 52 40 
66 89 19 
82 91 46 
83 99 11 
43 21 59 
28 81 50 
29 98 26 
46 84 74 
40 80 21 
43 89 99 
44 55 36 
13 26 37 
13 74 64 
3 31 13 
12 44 75 
22 10 77 
84 90 22 
36 28 27 
52 42 84 
73 19 22 
63 8 40 
59 67 54 
13 65 61 
30 76 83 
44 49 27 
91 19 50 
2 43 59 
88 48 44 
77 92 95 
87 90 43 
17 20 77 
52 69 4 
6 56 67 
32 97 88 
81 21 9 
0 8 89 
63 19 36 
4 96 36 
25 63 36 
3 72 78 
8 95 85 
70 99 61 
11 88 32 
5 20 41 
8 44 18 
62 86 84 
1 61 75 
10 78 65 
10 89 7 
80 57 74 
99 71 86 
34 20 80 
93 36 99 
32 86 82 
0 46 90 
28 27 51 
54 4 68 
12 9 66 
74 26 18 
60 85 84 
9 12 80 
43 13 57 
10 17 42 
60 96 0 
27 31 30 
60 84 29 
55 4 61 
31 29 72 
59 13 90 
50 88 69 
94 81 3 
51 14 61 
22 78 7 
68 58 36 
68 78 22 
43 46 46 
10 57 41 
94 23 61 
50 13 31 
2 82 73 
21 25 2 
75 50 46 
88 16 23 
24 67 97 
3 30 60 
12 95 97 
61 72 8 
