g++ -fopenmp -lm lab2_io.c lab2_omp.cpp main_omp.c -o pca
time ./pca testcase/testcase_200_30 80
K=20

D_HAT

-19613.408203	117337.062500	-7985.398926	-27334.150391	50096.285156	50006.355469	-57327.367188	-84089.515625	51222.496094	-62428.312500	-78218.742188	-65911.335938	-7517.475098	22735.457031	-23506.535156	33331.960938	-113127.726562	28278.726562	-54051.265625	15666.969727	
101953.078125	71893.726562	118158.125000	-38140.531250	-19203.634766	-148857.328125	-125054.578125	-86741.312500	123337.218750	54619.632812	66237.953125	-37899.996094	71348.515625	-5966.345703	-59888.058594	88095.335938	-26611.449219	-15668.269531	-98735.367188	-19045.886719	
-40716.375000	-82751.171875	65495.207031	-16929.316406	-111800.421875	3079.650879	6108.401367	60601.039062	135221.531250	57469.539062	93970.679688	8552.622070	-89815.710938	50534.347656	-30959.367188	7685.855957	-36973.015625	20935.185547	-39219.183594	46166.000000	
-27540.201172	-149175.640625	-138623.656250	-17998.156250	-7591.780762	-110162.414062	-29782.667969	57953.570312	-94761.500000	-42430.710938	122835.882812	-47906.464844	-31328.806641	6426.876465	-102239.320312	4242.109863	-76962.390625	-8004.589844	-6542.107422	19786.636719	
-2946.642578	-125162.296875	-58743.203125	-62898.000000	-43241.492188	-2790.769531	99351.132812	-54167.734375	123448.593750	-17886.585938	1224.181885	29442.527344	85714.742188	12396.455078	-22740.585938	57933.371094	10226.572266	-21615.529297	3777.070801	-17815.984375	
33791.730469	-6573.897461	64992.746094	91044.148438	127908.367188	9713.257812	240373.109375	-34670.363281	-61028.281250	-82750.976562	37725.429688	-18715.431641	-48017.382812	-29120.556641	57421.835938	-14170.074219	-61591.734375	23235.925781	57190.773438	56011.070312	
52041.531250	-41801.734375	37183.128906	77361.476562	-11613.090820	-90001.578125	-39399.164062	-5629.621582	92287.054688	-8337.470703	74565.875000	59812.457031	-105459.867188	-61830.328125	149533.687500	-11040.134766	-17334.978516	-75350.250000	-36360.632812	-23236.656250	
-58062.167969	107156.218750	4210.204102	-119710.015625	49433.195312	-115814.812500	75464.320312	-42368.781250	-40328.085938	-83033.398438	152337.156250	9896.146484	-12471.952148	-70528.695312	-95630.125000	-14741.826172	18865.257812	1144.474609	-51683.671875	-37345.265625	
-117765.578125	43845.363281	-39981.546875	30843.332031	-83503.085938	52119.070312	19859.519531	-11463.230469	-32660.775391	61557.363281	28316.763672	-50791.535156	13649.208984	86094.937500	-5061.248047	5672.548340	78114.398438	-12120.338867	-74753.984375	26574.603516	
-109166.187500	-25559.390625	2999.521240	27220.787109	9802.959961	-76437.031250	16936.832031	-81559.851562	-70833.742188	146033.250000	-17740.509766	71330.085938	27689.130859	-28831.640625	-17699.570312	24341.964844	-6594.137695	-86879.414062	99975.578125	102151.078125	
32725.695312	49551.699219	-183266.093750	-86149.828125	128532.859375	-65998.156250	82174.109375	-452.224121	-22960.142578	43355.898438	37688.503906	6960.455078	41929.589844	4099.283203	25849.876953	-10499.026367	105497.445312	-157339.812500	59718.179688	-56700.707031	
-18765.083984	-45675.851562	54554.023438	11961.580078	-7442.364746	-25665.021484	89486.140625	7078.375977	-104237.718750	57819.316406	40455.746094	-17460.824219	26382.802734	98455.726562	-100513.289062	66697.476562	-2175.108154	-84719.773438	-116087.281250	-9946.051758	
-43871.593750	-3712.345703	-55180.105469	-151023.890625	5311.137695	103338.406250	16532.773438	-45193.164062	74733.421875	76472.843750	-1199.664551	-37048.593750	122289.890625	-46563.289062	122099.445312	-83464.109375	-24028.000000	4633.824219	7602.615723	-123246.914062	
-80651.750000	-77760.992188	-119947.898438	-43297.660156	58741.597656	88533.640625	-83680.656250	47792.089844	-2545.891602	-42503.437500	-35017.117188	-61804.500000	-154429.609375	-43087.203125	11638.872070	-43994.101562	-83315.000000	41475.921875	8540.367188	-34143.421875	
49178.816406	150289.578125	-73562.742188	6354.762695	-42813.550781	-25062.365234	-76223.906250	-12902.019531	-35029.683594	-115592.890625	62856.449219	-28226.500000	-108476.515625	-2300.647461	-26548.347656	-161092.500000	46537.796875	-27651.126953	5238.334961	35112.777344	
11349.121094	-7389.669434	-61627.570312	-90544.453125	-104853.500000	115903.304688	99131.562500	-3404.969238	36048.761719	19582.984375	-13892.772461	17511.589844	23007.308594	-60588.175781	-51830.062500	-92470.953125	39137.945312	-3030.806641	73963.812500	-53982.531250	
54239.808594	-6136.930176	37166.941406	-88527.992188	24310.251953	-53131.074219	6179.616211	-65511.226562	-21877.236328	36242.367188	-12658.440430	-49256.699219	-18326.171875	63334.843750	66243.960938	45477.152344	109338.429688	45504.562500	-13206.218750	-31524.220703	
43477.128906	-18251.921875	-75088.109375	109965.265625	48469.394531	44707.214844	-28542.535156	11929.889648	9403.666016	52873.925781	-85754.507812	-55797.257812	-1191.968262	78552.882812	62106.621094	-132713.015625	-38355.589844	-27998.726562	-48588.687500	-36703.796875	
-82670.187500	-36895.480469	35475.316406	-123750.296875	-92206.234375	72976.453125	49113.621094	65230.539062	-38691.523438	-68409.039062	-32956.542969	-43116.128906	60904.769531	-13546.777344	61372.503906	24887.621094	45756.199219	-35756.492188	-534.412598	57295.496094	
-36337.046875	-23117.414062	122978.179688	-159825.812500	-37830.511719	58070.656250	49057.687500	-171761.015625	-27321.232422	46204.640625	-109563.937500	56121.132812	43998.742188	754.121094	-54702.640625	-38481.683594	-15171.771484	34800.582031	-17188.861328	39201.921875	
-63974.320312	87693.851562	-94529.695312	37487.945312	23750.320312	-135686.078125	103172.023438	21462.855469	46146.062500	63217.843750	-64492.183594	88395.546875	-97784.000000	38009.539062	-63257.523438	3776.556152	4895.190918	4547.717285	48343.027344	-53848.394531	
-29311.500000	112948.320312	34534.078125	50794.855469	18851.503906	10106.919922	-15519.970703	-76417.515625	25889.775391	-28944.101562	61662.597656	40661.339844	-10071.135742	-71233.203125	-13972.138672	47901.902344	-115497.296875	-21601.683594	-28495.064453	-54482.566406	
-61428.820312	-14938.142578	-39069.183594	171258.265625	16013.451172	132440.921875	105872.398438	-45749.664062	-32631.773438	-48527.824219	-34209.691406	-3417.435791	-33492.167969	-20113.533203	6944.085938	-2517.176758	62298.937500	93596.859375	-11947.170898	93262.257812	
-9702.468750	-119002.390625	83693.687500	111483.304688	-145610.734375	-61155.328125	12519.832031	-49482.179688	68805.953125	-97153.054688	23129.941406	-45571.640625	70255.007812	-52422.265625	33228.019531	-107360.109375	129878.351562	-49612.707031	-65008.542969	-33456.894531	
14787.203125	-24050.574219	117689.390625	-12639.908203	115278.656250	-25771.683594	71560.046875	97893.929688	114609.601562	-58191.160156	-46672.378906	-57231.214844	-34392.996094	17213.621094	-62562.199219	-3221.446777	20480.957031	-87065.570312	-69519.328125	-5363.470703	
9988.081055	-57944.378906	-23186.597656	9739.673828	45989.871094	-45104.585938	-30066.636719	-64730.156250	16552.019531	-3691.530029	-5594.724609	1085.846680	-5503.640137	93724.453125	-42880.316406	136534.515625	-44558.058594	-63412.605469	128212.390625	37713.906250	
22021.617188	7715.397461	-18253.929688	-90036.148438	-103369.929688	-46348.035156	-42788.769531	-23252.195312	112467.859375	-14875.175781	2929.044678	-49641.718750	54530.664062	2831.556641	-147.750244	-678.937744	-24202.169922	30698.259766	54423.644531	46129.937500	
57834.777344	98910.843750	-135187.531250	-72769.031250	-37945.503906	130641.140625	51581.023438	24317.632812	-65418.734375	-23353.597656	-35886.519531	76252.234375	46689.273438	-11302.935547	189.695312	-19984.162109	-49938.539062	29292.785156	-53135.929688	121173.414062	
53154.156250	-181329.265625	-1690.537109	96803.750000	38115.667969	-25608.599609	43571.417969	-30299.224609	-2265.077148	23562.472656	13027.170898	17079.968750	15236.563477	-2569.087891	-13818.460938	17985.296875	112.312988	38334.257812	42355.140625	8206.953125	
135255.750000	13027.641602	-22104.453125	-14932.843750	136941.984375	42254.746094	-112130.250000	-6791.701660	3985.173828	73986.726562	13403.583008	41993.859375	74929.421875	55184.332031	-53205.496094	-15400.821289	6749.912598	89493.226562	26789.201172	10631.524414	
-35501.195312	-17381.796875	-53406.390625	12791.445312	141340.968750	120471.671875	-1778.044189	15180.132812	38693.148438	113775.875000	-23040.478516	-73802.023438	-132890.515625	34118.289062	-65691.265625	-14742.885742	-30339.402344	-92079.890625	-27884.357422	23439.281250	
34287.667969	18316.828125	41174.375000	-14804.760742	-107239.257812	-39503.652344	106550.906250	94478.148438	73800.539062	86943.687500	-45498.386719	-14988.289062	46271.312500	63544.687500	98483.609375	74427.125000	-40648.679688	-19727.121094	-11170.841797	23015.957031	
117977.093750	88843.007812	30302.394531	64534.656250	-22015.876953	21652.078125	-8264.192383	-18285.416016	28728.599609	-120801.359375	-3805.189209	-8503.204102	-52860.722656	63508.203125	-58518.894531	-1448.453247	62255.582031	40339.496094	121500.156250	-78156.210938	
91976.726562	-75501.343750	-14049.894531	138783.312500	-131932.218750	20643.968750	-28610.382812	-55411.187500	-48292.320312	18969.777344	72273.015625	-28146.232422	-89336.765625	112892.203125	-26998.064453	56556.496094	51110.222656	-47314.429688	37446.082031	34995.355469	
-45329.472656	-23773.435547	-13426.779297	-25435.083984	83941.382812	79644.468750	135633.312500	-28275.269531	65514.265625	42536.820312	-57497.402344	28311.791016	-7229.473633	18141.587891	-144379.656250	70322.289062	-542.742188	-11336.686523	99670.453125	71641.898438	
-29918.947266	-17010.781250	-107208.523438	22480.515625	-44768.140625	-80885.015625	39996.234375	-60231.511719	-51593.601562	-45595.082031	-52920.796875	26681.947266	-103118.484375	-59424.078125	-80196.992188	19419.792969	69713.476562	63058.804688	-14936.556641	-84326.710938	
-58301.675781	-56287.125000	-107951.265625	-7973.015625	-149571.875000	9382.656250	10835.195312	-22667.246094	-43578.226562	-56581.945312	-62784.027344	-93969.023438	14992.255859	11476.251953	47172.218750	93983.562500	-16700.363281	-115166.109375	23536.945312	-28588.439453	
39305.054688	55813.093750	-83512.093750	119682.484375	-66781.765625	-41094.503906	68417.750000	-83045.367188	20242.724609	77733.093750	20882.197266	-44071.414062	-21355.515625	-27893.238281	111436.070312	120276.546875	35302.632812	84072.171875	-74756.226562	-15603.618164	
41197.218750	-6502.217285	-94520.664062	-62629.464844	-40682.269531	-29088.777344	67572.601562	-34313.128906	-44112.941406	-43667.082031	-50372.875000	61331.023438	-68258.632812	27885.464844	116765.023438	-1665.685669	-33114.585938	-20955.585938	-61160.449219	54490.535156	
126810.968750	59744.601562	-73715.031250	-58468.207031	-57661.718750	-106413.343750	114055.343750	-48008.023438	-14154.675781	83318.625000	-129948.070312	-59502.972656	-27035.283203	-13879.155273	-19637.210938	-22670.849609	21011.363281	-5156.552734	-51279.648438	113586.492188	
-123708.796875	-101145.835938	-26960.583984	17460.976562	-111304.171875	31677.042969	13579.235352	48091.433594	-89191.109375	4115.553711	99456.640625	7235.475586	18030.332031	-73497.250000	42233.593750	-2239.715820	-30613.955078	17791.201172	57908.644531	-82203.117188	
-75921.851562	50656.722656	5586.261719	24126.500000	122394.929688	1193.402344	39855.015625	-53013.734375	-40796.878906	-6494.077148	15164.666016	-184852.828125	-25917.781250	-69805.765625	28053.265625	38585.308594	23437.341797	-69873.750000	37389.082031	-37291.109375	
-34564.847656	19689.046875	30472.484375	78281.179688	30640.503906	-151245.875000	15450.845703	-65383.859375	-156180.843750	52787.992188	-59926.437500	-68429.039062	-4229.424805	80944.890625	-40979.792969	-16493.091797	-21006.373047	-37041.488281	13769.496094	4826.257812	
-44183.257812	64893.316406	57568.410156	-91719.195312	17544.375000	-23725.769531	-43906.500000	73044.843750	-43717.042969	-22148.171875	-36120.632812	39361.824219	9454.855469	-8822.641602	-71370.500000	-28802.265625	-12938.302734	1395.124390	18872.669922	-34266.875000	
57012.757812	-63695.488281	25238.363281	101168.140625	79889.585938	21417.125000	-7099.944336	-16565.970703	30183.189453	3406.515625	14638.738281	-42290.187500	-1816.511963	76153.296875	-19013.123047	-18487.265625	56144.312500	-18848.925781	17200.003906	-67706.039062	
75510.421875	-12681.162109	80625.500000	-55536.839844	17697.333984	38330.914062	-43530.691406	-62338.265625	71534.492188	181545.453125	75554.843750	-77718.898438	-6440.000977	16531.216797	-42653.335938	-78342.101562	-30789.109375	-51997.781250	13844.338867	-52978.429688	
106949.945312	-74110.757812	12181.367188	-172185.671875	-47551.285156	62568.539062	-4077.544922	-22986.289062	-155992.875000	32365.111328	87982.851562	-674.066406	-3283.719727	150.470703	14002.678711	90905.031250	143768.156250	-11271.430664	-2860.373047	-5941.174316	
-63258.558594	-25392.328125	-121930.984375	-74399.789062	-37348.031250	33354.476562	-5688.991211	80194.539062	154715.984375	-31519.613281	-11538.265625	-14415.997070	-10991.524414	-37592.039062	-11068.443359	4466.478027	11334.824219	36806.441406	58004.503906	-41005.039062	
-222306.640625	60903.210938	145.174805	51329.027344	-9360.308594	125143.046875	18725.390625	60542.433594	-27157.337891	48741.539062	-28350.839844	-51417.699219	-92097.078125	-18789.337891	-75459.203125	-10134.853516	9283.373047	77227.515625	-16886.363281	-106927.031250	
-82046.554688	29931.048828	-12897.574219	-10810.326172	109620.906250	-22119.654297	-77877.906250	-87222.773438	72124.843750	42821.828125	-133196.046875	-87882.250000	-28029.574219	18335.314453	-37800.164062	6195.966797	-3776.922607	28063.158203	-62846.089844	-132161.015625	
-171237.015625	-29978.917969	23522.253906	-82154.632812	43607.699219	-61744.839844	-136363.359375	66175.882812	-11944.653320	-92899.960938	-87469.804688	-43599.496094	-21414.289062	10074.796875	19794.384766	-39362.660156	-29481.656250	11778.363281	-36109.125000	56538.664062	
-51087.941406	-106666.687500	-44307.285156	-3423.663086	28647.394531	59098.078125	-76338.812500	13372.910156	94304.101562	-21512.173828	-47419.593750	-2520.750977	-83490.578125	51087.449219	-16129.147461	-10481.788086	-40309.371094	62241.914062	-9834.648438	120804.335938	
-73060.250000	51326.574219	-16030.348633	42341.203125	-58904.839844	26347.037109	-77849.375000	-90838.351562	-23604.224609	-39701.218750	35003.476562	-11540.633789	70323.664062	-88460.976562	-11082.344727	81182.796875	58760.257812	131943.468750	-31184.310547	-83209.242188	
-143305.875000	-110994.906250	84003.593750	79637.390625	-140782.640625	-81310.679688	8110.062012	-19451.283203	22647.591797	-33907.789062	-34141.335938	-29907.906250	-20760.425781	63902.609375	22611.744141	39055.753906	50166.113281	4795.260742	58652.417969	-85.319183	
4818.021484	-32869.964844	-39655.914062	-98511.375000	109570.265625	-112109.125000	95915.937500	43338.460938	-29240.425781	-71057.046875	-40012.171875	32808.015625	-71479.531250	4887.652344	30179.705078	6323.662109	99327.453125	44966.085938	-89835.687500	6303.030273	
5681.911133	55915.699219	6613.894531	184368.984375	34948.484375	-44867.460938	-45608.468750	-4155.325195	-71914.523438	13037.936523	-72825.929688	-88489.031250	-53301.046875	388.285156	34241.562500	51743.359375	33888.121094	95660.085938	-26307.273438	-4716.880859	
-43764.703125	-141548.125000	-91428.281250	9931.388672	-57144.503906	-68489.218750	5681.004883	-117557.320312	-32714.349609	43442.136719	6815.200195	143531.640625	-33827.203125	-65214.484375	46690.058594	-41945.003906	-68038.851562	-63419.011719	9928.406250	-21037.892578	
-137867.031250	-86539.835938	15434.267578	14689.169922	-25871.878906	-15392.918945	-112023.460938	-85189.281250	91350.328125	-66999.773438	-27733.701172	-52445.316406	-28439.898438	-45496.632812	28978.435547	-55664.296875	122430.570312	-38508.558594	47297.128906	-26704.843750	
-92413.195312	-213807.125000	56665.320312	8359.270508	18475.654297	-112730.476562	-97721.234375	-32116.527344	-57714.656250	-106170.179688	23850.277344	48589.539062	18062.794922	-149210.671875	3853.088135	68336.632812	7727.090820	27502.949219	91273.695312	90641.171875	
40867.843750	31781.273438	20493.748047	-39158.851562	-41565.636719	161988.218750	97126.765625	-95890.242188	-81095.742188	1002.876953	104147.492188	-69807.023438	72495.382812	-35053.578125	-67812.859375	-30007.941406	-28049.964844	-1210.267578	-23266.226562	32007.015625	
110425.703125	-107561.250000	-146901.437500	-10179.691406	46668.082031	43835.437500	-9924.867188	73121.593750	35993.578125	-41433.847656	-23626.611328	-49216.562500	53008.546875	40543.105469	36921.718750	-75745.117188	12127.749023	151351.390625	7900.314941	-31892.816406	
51594.757812	-61192.707031	23141.542969	12555.572266	-73222.031250	44275.535156	124223.953125	-8492.201172	-37904.871094	-12913.116211	-5031.051270	29941.582031	-23535.591797	-89491.289062	47961.832031	63943.316406	-63184.632812	76703.296875	-20302.427734	-99111.023438	
91545.828125	-79228.335938	36148.996094	33645.082031	14326.047852	44779.335938	-4604.372070	72031.398438	-2922.534668	98184.570312	-20918.787109	1747.881836	50802.394531	-54980.500000	53650.320312	3210.889648	25251.220703	-77905.921875	-44353.304688	53486.609375	
-10166.605469	-84234.601562	-50985.796875	-37410.140625	133608.937500	62633.695312	-49798.683594	24040.970703	-36280.531250	-46387.226562	-40768.691406	23389.050781	-102267.062500	-34935.265625	-6608.055176	9382.038086	41804.203125	37681.953125	-21588.605469	-38915.035156	
-23139.867188	-47529.691406	-31554.494141	65985.421875	-41677.296875	-38502.542969	-111621.734375	17149.089844	101096.304688	96895.867188	58197.710938	62500.187500	-37897.121094	-55249.957031	27192.708984	-13177.341797	50349.300781	-54256.613281	-35837.726562	48871.917969	
-989.379883	-22779.359375	-122945.468750	-30427.945312	-69822.015625	101549.468750	-43786.289062	-4021.185547	-87952.382812	5459.584961	-139117.906250	57881.664062	-1216.348633	-75474.968750	-51884.765625	60924.335938	-40835.648438	-57139.015625	-24211.542969	24073.146484	
165467.843750	64607.304688	-147859.156250	-26914.720703	55533.601562	-1830.846191	-53652.847656	29717.656250	62341.687500	30028.273438	7707.228027	593.863770	-9975.411133	-23212.087891	66182.757812	-36584.066406	51169.136719	9241.317383	-50437.667969	-40536.082031	
-36210.480469	-152805.859375	20843.199219	50082.878906	33610.429688	-155958.421875	55081.175781	36380.312500	6122.660156	4386.624023	-44210.105469	86767.265625	-6605.542969	59051.257812	-108372.242188	-87676.843750	-47479.558594	-6793.257324	18519.826172	-73647.085938	
-9145.020508	131008.523438	-28004.492188	81228.054688	53286.234375	-128410.468750	22997.570312	-1747.970215	-6636.528320	-4703.371582	58493.058594	36102.726562	119437.125000	6606.949219	-44305.460938	7270.882812	31309.787109	41706.160156	-11947.209961	43417.082031	
113405.343750	-102759.250000	-22911.662109	46706.718750	-3133.479004	4771.347656	-2502.301270	-143594.750000	9959.000977	61307.171875	-32072.732422	-106885.429688	-106534.328125	-88847.921875	-19426.857422	-80319.265625	-76580.640625	69036.609375	-2146.106201	106113.523438	
-90738.234375	97335.320312	99655.960938	106645.648438	-9916.596680	67943.054688	-100269.046875	-86664.195312	22962.880859	36269.757812	567.711182	-45436.875000	-36889.710938	-119248.867188	-47730.488281	65051.488281	19637.541016	5557.562500	74266.898438	24321.886719	
-59604.820312	23869.566406	-74352.843750	-46725.070312	-22066.990234	122926.859375	8794.425781	-83266.867188	-5570.162109	117247.593750	110737.109375	-74005.531250	-48052.882812	-33931.000000	113844.703125	-104583.414062	34228.601562	19679.833984	38192.250000	12288.491211	
93268.390625	45596.925781	-6589.843750	37826.515625	90031.406250	66984.968750	-39092.765625	-68687.148438	-19859.197266	-35051.308594	2902.913330	4314.691406	-84523.914062	4655.179688	-76822.851562	99992.289062	-617.673340	-60571.062500	-1293.159912	74524.796875	
33847.222656	-135317.437500	97731.921875	-47286.832031	31928.892578	131038.312500	-30697.664062	-61048.437500	-1695.827148	69526.273438	6959.054688	20330.386719	78454.250000	3770.949219	-86902.828125	84189.031250	8540.566406	-41854.742188	48858.968750	-31897.304688	
79803.125000	125546.492188	-9749.683594	-22647.974609	-84192.195312	-16761.496094	62735.148438	-47008.933594	35176.175781	4428.597656	-34640.855469	-117279.289062	-54342.542969	-82511.718750	36611.078125	-40191.894531	-56080.476562	16938.771484	33156.882812	73250.031250	
-45764.449219	108740.632812	-26909.443359	-53662.796875	11746.458984	43468.949219	110113.757812	14548.980469	99018.601562	62236.773438	71424.718750	65111.992188	56267.703125	-26631.263672	53773.406250	-9255.105469	96663.390625	77501.484375	-66705.390625	131672.296875	
-90202.234375	-32883.398438	-119097.429688	-38263.429688	110924.351562	-104124.820312	-35233.164062	58574.031250	81078.476562	60388.718750	-51963.433594	-84203.460938	16960.984375	45849.710938	74712.679688	-36367.628906	-43969.492188	9527.682617	81083.765625	-24596.171875	
12254.291016	-41413.386719	-29383.248047	12794.742188	-176224.390625	-26137.933594	85445.617188	-57974.242188	16051.534180	58105.113281	-17153.298828	-57480.968750	16636.265625	72677.929688	-140153.562500	-18083.886719	-86257.773438	43166.210938	-1458.014404	25090.160156	
47312.933594	-92912.703125	139660.453125	-47359.976562	-12314.831055	44874.656250	13225.968750	-9402.894531	58170.957031	-116957.968750	-10125.726562	40254.718750	-76188.960938	109816.570312	-49610.132812	2451.546387	21611.638672	20873.716797	29198.310547	-2147.218750	
122846.132812	23940.236328	53012.539062	-79816.000000	-41583.250000	51705.195312	-3949.455322	34073.039062	65494.605469	-98431.906250	-794.962280	-94377.164062	-39292.781250	54376.222656	68366.476562	37188.332031	65904.804688	-89706.484375	-4834.302246	20996.119141	
25475.080078	32768.234375	-24509.031250	-95200.882812	-29821.751953	110770.890625	91729.156250	74020.515625	54332.417969	-57239.179688	-117316.343750	-5349.947266	-21332.847656	-2634.269531	-37972.312500	-46752.125000	24351.488281	-6043.022461	-62602.546875	-7055.582031	
97713.757812	-47920.164062	91735.875000	45782.671875	40980.527344	-23408.656250	117.935547	-87723.867188	-7679.976074	144066.687500	-29042.472656	69836.078125	-51724.617188	88427.320312	42562.386719	-33033.500000	16588.181641	60917.828125	32001.814453	-102184.171875	
80471.187500	-34729.125000	-42608.992188	45931.476562	-32675.447266	109088.140625	-116309.312500	-27056.074219	-112428.375000	-6695.551758	-86313.429688	26115.494141	62996.156250	-19234.423828	-33918.957031	-90142.062500	-14920.902344	-74912.031250	-128735.421875	919.058716	
2213.915283	-45887.820312	111040.382812	-46090.710938	78239.984375	-31490.728516	77934.492188	-21716.921875	-70624.648438	6400.589844	-83860.093750	-58942.335938	-17860.386719	-33377.476562	148546.625000	14991.837891	-40630.488281	55404.042969	20696.541016	48816.773438	
4992.257812	127536.445312	32060.798828	78271.414062	54325.699219	119718.859375	-11135.910156	-76302.265625	4107.107422	-31332.816406	28905.855469	28384.070312	-46208.871094	-159495.765625	-18320.781250	-35520.164062	-77489.445312	-27986.074219	24019.888672	7984.967773	
-169777.953125	32544.257812	91459.148438	80726.265625	-31875.533203	37153.585938	-1156.920898	145007.812500	-15326.113281	-57386.828125	-20749.138672	26036.550781	-19824.371094	-58241.324219	-26801.318359	-76915.531250	71301.625000	-392.434570	-56488.980469	37036.496094	
79427.835938	93319.265625	14794.353516	-122978.882812	45105.679688	-25498.728516	-6567.219727	-80704.109375	44092.074219	-109147.515625	25713.873047	-54323.312500	-12754.810547	61464.097656	-15790.142578	-49698.691406	-3041.327393	-3973.106445	47319.593750	-23061.990234	
60713.492188	-36000.707031	-40620.015625	-13233.851562	-86811.570312	-174623.687500	-52608.324219	-17652.253906	-96464.781250	-36016.710938	96836.953125	-78201.039062	-22854.011719	2757.138672	-49979.179688	-20020.978516	-20314.042969	28160.207031	9977.261719	-9607.126953	
-28732.414062	142796.593750	22016.669922	55416.003906	13372.845703	71134.945312	7862.690430	-26518.994141	-43760.023438	12283.775391	53151.277344	8230.985352	3080.764648	-109128.789062	58446.429688	28254.703125	-45167.359375	-37766.093750	112026.156250	-18358.927734	
4674.224121	-175454.328125	26937.023438	-13518.807617	39928.648438	21416.732422	144614.203125	-30150.541016	98448.273438	41247.011719	38588.609375	-74458.140625	-9583.858398	-50681.507812	-56614.144531	-75032.085938	-47681.410156	-11068.710938	1069.859497	42481.886719	
72429.335938	-61885.039062	37287.332031	178127.515625	59877.398438	-22936.287109	-11434.142578	-2499.015137	-30973.642578	25370.671875	22178.044922	88471.640625	50846.894531	-633.122070	-180.194702	-31469.673828	-58233.535156	-23271.162109	-20680.263672	-123516.093750	
8407.825195	-112091.515625	-64770.695312	87273.875000	35264.492188	-11163.666016	54178.945312	-124398.187500	14922.386719	-103901.664062	46658.136719	-46434.777344	85344.546875	-31270.832031	36311.523438	-37796.890625	9456.388672	105139.773438	86409.789062	7118.675293	
130638.000000	-51100.796875	27904.992188	-34104.062500	37402.488281	-117618.132812	-139947.156250	34956.523438	-27427.085938	-5886.048828	38616.464844	-113912.625000	4492.919922	-34678.781250	49457.296875	-97508.875000	74809.781250	-47378.281250	68710.046875	46143.019531	
-11408.744141	11311.287109	146218.046875	-46142.898438	96413.421875	28732.726562	35364.726562	16343.873047	-36531.070312	148791.406250	-36876.937500	-53132.437500	-118712.953125	-3727.044922	25035.724609	40198.031250	31312.291016	11258.906250	31799.960938	10471.340820	
93204.570312	-48539.523438	-30567.537109	-3795.993164	3372.494629	35561.777344	37055.046875	-145299.078125	-29355.951172	-46343.414062	-54375.070312	-40426.300781	-50030.878906	-75150.437500	-104034.492188	28535.138672	-27682.302734	18890.882812	-43152.644531	-9787.474609	
-88495.148438	-71915.953125	-100375.757812	-34643.250000	-114128.968750	-94820.812500	32246.257812	-67362.062500	-13441.773438	-48093.519531	-47501.097656	-114900.882812	-52682.496094	67987.546875	19016.763672	54802.886719	91663.203125	61485.453125	38199.062500	23697.878906	
-119534.640625	63829.851562	-85944.046875	-65606.976562	101088.906250	30874.953125	74425.171875	73144.117188	-114905.070312	-9712.829102	109210.695312	69653.781250	-53663.257812	17584.916016	-29347.990234	18450.203125	14509.875977	28936.093750	38686.949219	67295.593750	
-19288.308594	67308.687500	41167.531250	156678.703125	-103261.601562	-35760.980469	-7472.210938	35048.664062	8054.701172	7564.515137	-89684.609375	27285.972656	-47588.011719	-18244.378906	19466.265625	-28097.054688	78610.789062	42339.968750	-1296.842041	47942.640625	
249789.625000	-69078.507812	-74199.093750	-61694.000000	-24397.199219	-86507.906250	-28431.630859	-19672.539062	-17322.429688	28624.121094	-51741.304688	52393.082031	41963.476562	-98354.546875	-43151.093750	-14841.320312	81094.414062	55341.511719	-70540.421875	-29192.021484	
38742.414062	-77543.304688	61125.128906	44358.679688	63305.882812	-17649.349609	181120.062500	70773.500000	42780.093750	58734.609375	-14052.431641	-18529.710938	-47196.359375	-128761.437500	34905.308594	17548.328125	-33338.320312	-37632.339844	21638.937500	23607.169922	
18679.109375	-96605.476562	55216.578125	-66279.062500	19974.945312	-65663.437500	90931.687500	-46337.812500	-68990.531250	-116344.218750	75255.968750	-11860.336914	4005.099609	-27954.140625	7788.031738	162239.421875	8311.634766	-3628.569336	-91245.242188	-22259.847656	
-8004.143555	111939.515625	30942.261719	58183.402344	-48467.140625	21838.214844	-20435.750000	24584.353516	140920.234375	-5430.902344	109264.132812	46467.531250	23224.250000	-43543.218750	-97785.570312	-4535.243652	-67584.203125	-29656.583984	97429.671875	36262.148438	
57808.988281	-48980.054688	58185.914062	-113278.250000	16823.935547	-1121.472656	-76566.109375	-44739.035156	-24377.248047	24935.128906	107799.039062	-116300.015625	-38479.878906	-19726.195312	-49365.820312	16406.082031	34161.945312	-70247.750000	-74601.648438	18705.792969	
77926.070312	-67036.664062	-101933.281250	50238.703125	80386.242188	-15646.201172	-64964.562500	-163072.812500	31761.056641	-35990.335938	-2761.387695	171146.281250	64247.812500	-23139.001953	54724.230469	12295.440430	7125.733398	-10216.324219	-17521.962891	-523.712280	
52612.796875	-36449.105469	-91795.632812	29094.722656	-92794.289062	101176.000000	14103.818359	4341.778320	-72917.828125	-37822.890625	-27597.515625	-5071.162109	70191.781250	12404.078125	-99453.304688	-111449.625000	69893.093750	-54241.867188	39473.253906	-114016.835938	
-14819.606445	-54519.582031	-32402.382812	56557.609375	127720.304688	43424.300781	-49568.484375	-47312.156250	-36171.343750	-66985.921875	111795.117188	24345.835938	13367.630859	4164.781250	69965.609375	-45615.468750	72469.148438	-105297.593750	6725.751953	6548.144531	
-18945.746094	-40043.750000	81378.953125	82695.031250	-68835.070312	-27976.382812	27599.162109	52267.625000	55185.949219	-4868.822266	-38168.921875	-55914.859375	57747.710938	-16777.437500	-78095.335938	-20945.498047	9285.632812	-147512.312500	-42765.011719	82717.601562	
2216.873047	8814.887695	104357.945312	-91979.382812	29117.402344	18293.158203	-69715.531250	-83664.304688	-57021.343750	16004.428711	-37684.773438	-9048.184570	-146199.078125	-13301.856445	1229.052979	66144.445312	-65761.218750	-32010.646484	45103.277344	-16975.042969	
92323.523438	-15938.773438	37442.593750	16383.291016	36344.523438	66490.070312	32352.664062	11970.043945	51259.171875	38676.468750	-37902.332031	-120160.429688	159125.281250	14504.312500	-121039.679688	2968.758057	-51541.441406	60550.796875	23921.480469	32386.324219	
15754.293945	87164.250000	71778.664062	-72876.578125	-6134.002930	-16770.691406	17675.548828	-2070.297852	-63071.851562	-29300.453125	334.095947	45573.335938	-21507.542969	5462.744141	46467.996094	48641.800781	-89952.703125	-89311.960938	67265.062500	-95994.859375	
40473.875000	-116882.265625	-79429.703125	34168.656250	48898.351562	121687.546875	-1814.029053	96119.656250	-26034.382812	13885.238281	-5278.704102	-99275.593750	39765.781250	24081.509766	-21790.515625	120457.164062	-86382.476562	-921.019531	-42657.742188	16374.015625	
-7821.809570	11184.171875	21176.804688	60945.015625	-135341.859375	3296.398438	43235.957031	-14755.994141	-76525.398438	-77094.281250	2837.316406	-47867.710938	21120.023438	-15583.103516	94362.460938	-45355.667969	-38490.457031	86923.554688	-8915.718750	15422.512695	
-113670.312500	14796.072266	-53861.953125	-82027.429688	25156.681641	-55139.312500	-4248.535156	-29482.462891	4537.512695	-23532.437500	15161.986328	-52559.078125	29551.013672	14641.890625	-9371.758789	81308.070312	60930.269531	126140.328125	87368.656250	-65250.117188	
28083.535156	42674.289062	-81042.804688	-111736.734375	59924.179688	-18652.128906	70758.296875	-14992.875977	78882.218750	-91665.890625	-94973.101562	-7973.479492	-16453.960938	50148.675781	51425.691406	34504.703125	-63322.640625	-26695.453125	5502.357422	53481.011719	
137499.765625	-34278.335938	26117.921875	24232.806641	48674.082031	-28857.494141	18282.158203	125108.382812	-54067.929688	-99859.359375	94503.570312	72211.171875	-5021.893555	10928.468750	-29944.619141	-60421.835938	-63854.191406	79012.328125	-41822.382812	26262.339844	
-46274.410156	196115.984375	-10115.311523	-53359.234375	-54227.183594	38746.933594	55271.316406	-37047.722656	-101233.023438	55864.414062	-56217.609375	52543.386719	13036.276367	42234.351562	58207.816406	23206.189453	-35400.296875	32790.085938	-66786.804688	6585.934570	
80585.875000	58329.093750	-25962.484375	-86913.929688	-124631.664062	-64679.460938	12133.470703	7533.815918	-45229.914062	52096.355469	11647.288086	-63553.589844	-30139.888672	13667.760742	2849.347168	79999.273438	-23220.150391	3101.029785	-46899.335938	-52792.984375	
80200.234375	-32464.480469	32096.652344	195708.765625	-4450.958008	10690.472656	50107.492188	139480.515625	-93982.804688	-87592.195312	-48918.152344	45382.722656	81840.195312	50138.730469	5427.669922	24267.628906	-35544.589844	-5957.841797	36861.187500	-12791.831055	
85834.882812	56734.097656	-100433.757812	-32995.726562	-91104.609375	89420.328125	-108978.398438	38258.550781	-21608.828125	-45505.445312	-33174.531250	83031.765625	-57557.417969	-13021.037109	37566.128906	118697.070312	-75600.429688	-34029.601562	3469.556641	16155.433594	
134511.765625	25075.595703	-116134.109375	-11480.569336	-98853.062500	-6830.007812	-106624.859375	11775.860352	-659.198975	-30560.177734	14669.421875	43722.281250	-24192.375000	56501.578125	10728.129883	-59959.421875	-49421.996094	19425.394531	12786.752930	-3937.936279	
71584.343750	-115304.875000	55448.039062	-119348.304688	-887.962891	78675.609375	41272.894531	117160.984375	-28493.248047	-39089.625000	-58367.898438	-40706.601562	-34263.925781	76186.859375	-45780.535156	24879.380859	57901.582031	-40668.523438	66529.984375	-16731.208984	
-58428.378906	-173086.093750	-40687.843750	-18672.484375	-39233.410156	46145.796875	9521.083008	81469.078125	-44536.097656	66956.320312	12550.330078	-12500.392578	11917.062500	-85553.140625	21999.166016	85450.781250	-80295.992188	-53318.902344	37989.019531	22553.484375	
-56934.382812	-49895.410156	-97906.453125	10508.357422	73644.710938	15704.125000	58846.730469	-45005.277344	-58491.816406	19980.546875	68722.437500	-98763.625000	68312.062500	47235.250000	50339.859375	-68963.507812	-126142.984375	-5689.633789	-55214.242188	-19644.363281	
-55400.429688	-72665.679688	13490.013672	125573.312500	35686.613281	40660.128906	4966.712891	33663.386719	-1673.800781	-87585.046875	31192.476562	7491.685547	-2856.421875	-108318.437500	72388.375000	57867.714844	-98735.820312	-70919.195312	-35708.679688	21053.134766	
-34727.484375	-40086.796875	-156409.656250	-20820.527344	-38025.125000	-98549.187500	-136475.937500	-6555.029785	-13757.929688	71943.953125	-76797.460938	82781.867188	26823.500000	46971.460938	-59066.941406	-24283.623047	29217.613281	51654.281250	-14138.527344	70700.453125	
-47300.718750	87446.296875	20476.589844	-45707.671875	-19669.355469	-34228.144531	-34162.636719	88397.398438	114721.062500	-102714.843750	-52954.015625	-5742.817383	132693.000000	-110549.726562	-26223.474609	-22849.019531	-36301.328125	-53881.136719	-18947.601562	-22712.816406	
-59566.843750	25480.304688	76664.328125	-38444.671875	50715.363281	-60957.644531	62637.152344	-13331.898438	31171.908203	40945.117188	-47993.265625	41681.535156	80232.437500	-25355.960938	-54161.878906	-42208.566406	90145.445312	-48154.187500	-54867.257812	39022.050781	
57477.312500	-155675.703125	80407.117188	-118452.500000	-77377.273438	-10830.513672	-15057.934570	-32354.423828	3541.981201	-73497.617188	-6303.405762	74558.617188	27463.718750	-38623.234375	-42109.140625	-36090.152344	-7126.913086	31856.960938	42949.902344	33632.109375	
-22510.619141	-78013.648438	-43729.023438	-16989.679688	-57103.453125	41540.968750	-46803.765625	55966.011719	53375.238281	-2223.129883	-38455.242188	-45928.445312	27319.007812	-114712.140625	-56678.460938	-5192.689941	10240.233398	-13166.327148	-141130.000000	-2813.602051	
208677.375000	-24783.529297	19129.863281	-26443.019531	-53737.996094	37972.367188	-20554.025391	-14821.521484	-45360.148438	121806.960938	6494.697754	32132.894531	-85221.171875	-57942.339844	27789.724609	-12034.993164	-41883.085938	54957.449219	-19899.951172	-7644.537598	
102211.085938	-13018.552734	93063.796875	87613.843750	57261.191406	-12205.240234	45435.121094	110479.812500	-11192.376953	18439.000000	133514.140625	-24519.542969	-41436.632812	-50091.726562	-17110.966797	-31881.730469	97518.093750	-43046.667969	-113695.171875	-30258.656250	
117676.257812	-30477.644531	38116.679688	-72976.507812	-27563.933594	149555.187500	101200.226562	-456.663574	-22350.906250	-48912.656250	8726.692383	-29744.080078	60023.910156	34061.609375	13145.837891	47546.726562	19204.078125	-32689.480469	43072.785156	-25001.054688	
-82395.765625	-39386.085938	-3419.027344	-28935.189453	26043.251953	4164.214844	-28599.810547	9463.246094	76347.734375	85416.804688	-92779.054688	193522.218750	9975.359375	18219.441406	-7201.959961	53208.394531	90625.000000	-46094.437500	37877.570312	76378.070312	
124219.656250	12594.459961	-2213.064941	86545.984375	-52810.832031	43642.484375	-146022.796875	40135.742188	-58211.273438	-141613.515625	-2252.349121	-3884.811523	9693.031250	31510.783203	-14004.344727	28040.517578	-31855.601562	14528.408203	59439.468750	-14779.886719	
-6551.486328	62272.816406	56004.925781	-57944.335938	77295.312500	10015.290039	50173.601562	-216174.765625	37457.312500	-100037.656250	-57017.781250	5934.066895	57634.949219	-44391.957031	-79529.046875	-15816.810547	-578.612549	-43678.031250	22593.654297	-68668.484375	
29403.246094	-1947.296875	-31139.208984	22207.257812	101749.304688	-29276.238281	53593.773438	26048.710938	49426.875000	-20742.007812	-24191.839844	-222856.734375	84461.890625	-68629.546875	64245.179688	-40676.968750	51638.031250	-68613.414062	91430.468750	-35407.218750	
62829.070312	98637.750000	100383.765625	66676.414062	-46333.933594	-7785.531250	-71146.281250	129023.429688	-38809.847656	74844.234375	-62736.152344	-110419.343750	22565.730469	-28907.248047	24615.591797	-47723.871094	-91349.054688	-11092.986328	13403.984375	-69180.718750	
-19311.806641	139446.750000	-9438.921875	39569.933594	-41133.519531	153947.187500	-121268.125000	47432.531250	-55103.902344	26644.533203	84167.820312	-6512.947266	28838.933594	18415.904297	33292.914062	53475.402344	82158.546875	18315.708984	31419.000000	79738.187500	
-121674.648438	108896.906250	53726.253906	-118478.796875	-18600.283203	-109824.851562	75452.515625	5194.588867	-26164.365234	-2436.512695	57715.160156	10224.000000	-7419.771484	-101565.953125	65323.976562	-27306.269531	-25871.968750	76353.578125	-20997.443359	21790.554688	
54948.378906	45221.679688	78566.546875	1450.855469	11218.666992	38388.949219	22803.330078	45554.894531	81231.312500	-81113.109375	-111985.335938	49371.941406	49961.539062	-71598.859375	66728.968750	6888.518066	-10263.575195	-30631.960938	2451.431885	-43518.500000	
-51369.199219	-165537.406250	-19805.437500	-62127.085938	-33517.648438	28538.869141	11216.091797	-28922.796875	11450.491211	117366.812500	-64565.226562	4425.869141	115206.468750	11695.880859	42801.031250	-4219.219727	29001.375000	69159.476562	-37016.328125	-71802.750000	
13262.502930	45466.097656	135858.375000	36448.242188	-108277.078125	-69156.375000	23715.726562	-76743.710938	-58033.042969	-78687.890625	14272.171875	-92897.875000	134510.828125	-40225.054688	-34747.460938	-11577.732422	31853.554688	-4389.980469	-19951.507812	61979.089844	
-53695.769531	-19810.832031	-2.914062	-32667.060547	-30370.818359	59933.289062	-35577.921875	-691.587891	85010.343750	123304.343750	15518.427734	56031.734375	10611.318359	159378.406250	90311.789062	63399.789062	-13545.505859	41837.687500	-30081.347656	11278.884766	
-11295.722656	-125292.703125	56816.851562	-18947.986328	60654.468750	15711.832031	-85835.781250	41798.433594	-69817.914062	-19110.955078	-110079.429688	45397.539062	76582.476562	49717.113281	-93006.679688	-61800.378906	65036.277344	92524.382812	-28644.625000	79769.476562	
-18051.953125	-6272.295410	94955.046875	54261.398438	-43603.183594	46747.656250	-82875.781250	-90356.656250	34280.562500	-58320.324219	-91729.523438	-6804.917969	-20999.218750	-56205.890625	21696.503906	-33814.144531	-15612.977539	44857.644531	-49077.453125	-11816.793945	
-95937.476562	52425.781250	-111555.539062	12570.332031	-94608.578125	-40835.300781	49178.695312	-21110.539062	185143.093750	-47839.351562	50533.324219	-68171.632812	-27312.601562	17295.539062	-71525.156250	55654.832031	11225.906250	39148.523438	23435.550781	10614.974609	
16865.531250	-29633.281250	123163.242188	-92150.710938	111322.140625	53653.757812	-69599.335938	37659.101562	39409.058594	-84033.945312	81702.703125	8401.828125	-74604.226562	26064.634766	90269.742188	77589.117188	69218.218750	67521.804688	-35244.617188	-4877.902832	
-662.740295	656.723145	4274.114746	-14789.687500	145825.515625	-79420.132812	76919.937500	-351.766754	5092.324707	-25525.320312	-122574.750000	23628.873047	59193.828125	34980.257812	71136.039062	-29402.789062	32824.429688	-22943.419922	6661.528320	30833.117188	
-29608.458984	5653.312988	-50161.445312	98792.195312	-8433.271484	53014.148438	-14653.712891	19939.312500	8981.416016	-38913.835938	26860.500000	40866.968750	115654.375000	67893.359375	142553.484375	6403.637695	17595.882812	-30828.105469	-46455.492188	-10895.458008	
95883.492188	67454.492188	-66030.179688	-78964.429688	97249.742188	-29865.902344	-42196.324219	-21503.865234	33788.566406	-113722.210938	1817.320679	16350.921875	116303.476562	-1678.533447	-32976.378906	1091.270508	-102012.820312	3029.940918	-27236.646484	50256.382812	
18587.585938	-64945.734375	-61706.996094	31034.328125	25549.533203	58040.859375	-89336.953125	-43191.230469	113648.382812	-2490.710938	18859.392578	6430.013672	63833.781250	15053.021484	70748.039062	100957.773438	790.124023	-16452.191406	-16694.726562	961.354370	
105410.492188	22768.822266	59356.175781	-68174.820312	1066.299683	22397.218750	-125747.007812	-69541.078125	27858.115234	37080.156250	17661.652344	24265.326172	11048.637695	-25117.332031	47412.691406	36663.722656	35045.191406	21559.330078	114808.593750	19396.535156	
-50180.000000	104627.406250	8105.273438	95238.937500	29816.300781	-81137.765625	-94285.445312	4904.372070	16693.009766	-36537.875000	-122783.070312	-44766.351562	20766.316406	95307.500000	-67605.976562	-17987.863281	-69472.796875	10726.819336	-2594.021973	-8288.784180	
25588.880859	-68662.929688	-1071.560547	66790.203125	741.792969	-27494.855469	60376.078125	50661.355469	45534.507812	-97390.953125	56692.070312	9919.585938	-39756.570312	55003.976562	37343.496094	-4059.741699	-60630.207031	-26192.134766	-29438.681641	-44470.167969	
-19544.933594	-27652.921875	56748.867188	-22758.794922	-15310.885742	-26542.818359	-18732.542969	70967.085938	9777.986328	-51115.738281	-85582.750000	-2360.682617	-49503.414062	-75206.195312	60873.203125	36836.996094	23976.050781	8246.888672	17656.662109	-78369.695312	
57897.343750	-42443.296875	-61210.710938	2250.628906	-67347.039062	-29412.781250	-1270.370605	204.765381	141276.765625	-45568.093750	30476.794922	-49144.238281	-94076.664062	-46946.910156	-3415.183594	83123.531250	24741.863281	31953.648438	-80827.328125	28417.501953	
-63546.085938	280.824707	-117090.437500	-22785.505859	60197.152344	-65337.851562	244.681396	66701.656250	26201.306641	-25320.019531	-27468.335938	12363.521484	-11735.069336	-111753.210938	-13744.798828	83462.304688	91320.968750	-22698.132812	-92848.335938	-20977.431641	
-12524.039062	73996.265625	28546.582031	134605.265625	60501.730469	28903.382812	-93665.234375	-20948.285156	78617.828125	43946.476562	1781.115479	-111322.062500	17064.027344	-30741.755859	-26218.644531	50808.394531	58706.191406	12505.307617	-55220.359375	92805.523438	
-129967.796875	-91784.968750	29046.027344	3081.167969	-51054.527344	119904.812500	42510.242188	-3099.377930	179444.703125	-35814.484375	56320.097656	18722.349609	-72036.625000	97630.757812	49197.179688	-54062.332031	-7214.116211	7355.335938	25238.818359	-48940.574219	
37553.718750	-87339.242188	-53530.710938	1665.508789	47528.046875	81478.468750	2264.074219	110500.460938	13566.708984	-76896.335938	79448.718750	-12674.013672	69312.656250	-10468.836914	-120250.898438	44394.976562	-47579.976562	3021.990234	-12655.909180	-11296.283203	
78436.070312	60785.609375	-133652.093750	143622.281250	-30607.005859	34686.343750	43711.542969	-50951.218750	59734.171875	-21195.480469	-111492.734375	62393.332031	-41258.335938	-29063.285156	-21451.089844	65445.769531	46163.402344	-7789.318359	26982.843750	-122091.562500	
-25185.716797	-10381.951172	26300.349609	-17147.841797	-70828.453125	-2589.792969	-97922.343750	-148341.968750	-106484.226562	-18045.892578	16616.673828	-43401.664062	49900.847656	79267.359375	47007.328125	8133.456055	29029.357422	-76881.039062	102190.960938	13415.334961	
19091.519531	-54301.152344	27794.544922	-16236.710938	99364.500000	39663.355469	-49592.750000	-16175.626953	2457.487305	35337.074219	-61335.218750	-24191.054688	-89734.937500	-106723.421875	40040.156250	71175.484375	41708.621094	29756.919922	-5775.304688	4054.722656	
-7076.080078	10168.089844	22426.703125	-43597.492188	93451.343750	-51202.835938	-36050.359375	117023.179688	-21860.546875	5582.493652	87115.601562	26086.955078	96585.484375	-44425.867188	-11218.662109	35140.773438	-19719.185547	75126.773438	34028.503906	-19430.470703	
54948.410156	142788.406250	-56695.914062	-39699.144531	63321.335938	-9212.603516	42308.750000	-16382.364258	5881.106445	4766.931641	2537.480713	-36754.953125	-751.532959	-18629.314453	-97479.398438	17511.238281	117336.039062	-90615.109375	38535.796875	-27193.634766	
-3326.342285	17756.476562	-59346.984375	18211.367188	24538.005859	-113747.468750	37699.687500	172230.937500	-51793.789062	117416.375000	-59526.382812	-39242.148438	21716.556641	-69566.390625	-4877.239746	-27274.167969	10114.522461	-52569.519531	134657.515625	91891.984375	
-56913.691406	59116.632812	138398.906250	786.802734	-86683.140625	-68974.156250	-55671.312500	36319.375000	43954.601562	16457.589844	3502.714600	139244.906250	-104787.882812	-22251.707031	-55073.613281	-60322.667969	-42845.613281	43188.902344	72952.117188	67146.640625	
-132099.625000	-1569.070312	-49231.707031	-21391.222656	-75665.523438	49071.566406	17562.667969	7005.673828	161325.109375	29269.185547	72470.789062	14213.247070	-29045.929688	-57300.128906	-21744.587891	12333.198242	-30925.183594	-4889.133789	15602.667969	-44657.023438	
-52510.140625	52369.960938	-9388.271484	58187.187500	-73936.281250	126236.820312	20919.507812	-67001.328125	-47622.265625	42957.476562	-24055.882812	16813.833984	-1171.707031	-30928.126953	-25567.703125	-122873.750000	10032.406250	-1753.327148	-5322.352051	45738.527344	
-7225.542480	12682.864258	25654.953125	-23268.457031	-112997.164062	-17579.972656	-2283.016846	756.857666	15234.280273	-66868.804688	-148668.562500	-72514.179688	-3189.498535	132258.390625	119387.328125	-38243.417969	-7947.372070	-70295.132812	36714.632812	-19694.902344	
95808.914062	-96925.515625	-33236.292969	125561.257812	-78966.578125	-31514.265625	11443.194336	-17132.695312	141666.015625	-20410.964844	17080.250000	25919.746094	20250.546875	-60362.359375	3027.979736	-36208.476562	-12687.258789	-40615.914062	41749.398438	65893.210938	
7741.208008	33364.632812	16107.164062	84340.648438	52256.707031	4051.748047	177843.734375	-139456.984375	66632.648438	-45824.914062	64170.316406	24658.419922	53684.847656	55795.917969	44285.191406	-32402.423828	46009.968750	100248.851562	23297.527344	39225.222656	
-40011.476562	-16717.453125	44094.859375	15720.594727	48233.660156	11389.501953	59808.667969	-14475.416016	-6215.060547	41912.031250	49334.398438	-33363.207031	90791.117188	100536.765625	27614.906250	-33909.613281	-77882.515625	98608.671875	-28431.232422	-11010.028320	
-57464.312500	50279.578125	117822.546875	-31982.199219	33980.332031	57629.960938	-37511.789062	106865.492188	-85295.757812	11314.730469	4428.038086	44744.863281	9687.484375	13852.922852	70963.835938	-108106.570312	23754.070312	16758.888672	86117.562500	-107620.296875	
44535.320312	15036.246094	-71356.062500	-38153.582031	-40609.503906	-46496.378906	4243.108398	-24508.501953	-133877.203125	-18423.943359	-12223.801758	-39307.906250	-112034.218750	9379.974609	-24691.515625	-16737.232422	10930.353516	54422.449219	14475.540039	1522.339844	
-100451.046875	-30698.927734	-23347.697266	-90563.062500	-80796.062500	29770.154297	-92407.195312	-1403.251953	-66087.351562	61178.988281	69660.507812	-33026.554688	64462.976562	-38148.953125	-27921.673828	-56584.105469	9477.685547	17233.126953	314.680664	-37426.519531	
-6682.016602	-49820.097656	-91073.312500	884.726562	52334.929688	46510.136719	-35621.527344	62372.644531	1757.880981	66377.554688	96248.757812	-112813.781250	-26753.984375	22882.113281	-97689.671875	28337.642578	-39211.976562	65515.500000	56857.781250	-15899.751953	
-115460.937500	-102495.062500	51343.632812	-128689.085938	1061.993774	-43284.757812	-7230.847168	-56856.542969	52469.140625	-79613.484375	17484.464844	14888.769531	-35543.542969	-10802.314453	31965.789062	-108853.023438	-54416.250000	-43133.953125	-71654.617188	-9252.109375	
75509.101562	8257.182617	-107018.023438	-31751.962891	6027.425781	-112672.250000	29597.666016	16110.764648	10737.711914	87947.890625	92025.515625	59588.460938	-77334.968750	24384.046875	-5884.794434	-107256.171875	41468.160156	-49514.914062	13307.421875	-22619.625000	
14414.007812	75897.218750	6067.468750	-12506.121094	-98281.523438	-63560.527344	31344.712891	29163.570312	67910.359375	91715.281250	-79352.984375	65362.656250	18489.000000	-72018.929688	-43392.281250	64665.316406	14695.398438	-28755.347656	48873.597656	-81428.328125	
72557.984375	48238.539062	47523.753906	-3499.069336	89800.648438	-24367.585938	-110262.750000	-23906.214844	105767.992188	52436.972656	60744.628906	-1254.936523	21288.449219	126876.250000	66824.851562	-19454.425781	-67420.789062	34487.921875	-19147.998047	12415.083984	
48532.812500	-22130.941406	76936.273438	-91205.656250	-98121.867188	-61822.976562	-66175.148438	135030.937500	213.976562	66116.281250	112562.921875	-43199.921875	-13670.343750	-61441.257812	61252.988281	-17105.464844	5307.853027	83518.359375	67727.851562	42703.519531	
-3901.901367	114452.679688	124258.515625	23439.132812	-45977.769531	-10120.375000	25624.957031	50703.796875	23012.162109	-42093.320312	46551.777344	-3254.739258	-32748.535156	131196.906250	-9506.384766	-22377.632812	8671.885742	-8655.981445	-45248.300781	40608.984375	
41223.757812	-20625.595703	41568.675781	56878.875000	34508.980469	84173.968750	79679.054688	71674.101562	-9583.025391	-9753.217773	35860.250000	-13670.940430	30784.923828	40459.394531	-37119.300781	-22058.818359	140158.562500	80606.257812	74017.203125	63496.878906	
199483.093750	54317.675781	64095.046875	-71976.937500	-3685.069336	-60996.941406	-1494.647949	10166.224609	98154.914062	-69062.429688	-58216.457031	-1575.261719	-96913.492188	-8971.078125	-8900.812500	-12809.257812	-12816.645508	8757.674805	85887.539062	61414.644531	
93479.570312	677.520996	77709.812500	-18815.753906	-41120.839844	-88916.000000	-44410.429688	20286.853516	38777.160156	111073.890625	-2288.004883	60682.078125	110658.437500	-137664.328125	-76939.171875	14574.136719	27467.367188	58135.550781	10431.316406	-93144.921875	
-134796.171875	2901.813721	-32835.125000	-14660.590820	193147.984375	39550.718750	-117717.656250	50530.484375	-9761.712891	-41695.164062	13197.403320	63874.855469	4648.111328	-2359.004883	-43349.019531	38090.230469	22470.974609	41361.464844	-360.989014	5571.741699	
-44187.742188	-67670.609375	-19727.488281	17741.662109	137830.640625	-111646.710938	-21234.187500	-139591.093750	-13614.399414	-14107.589844	-13830.712891	12404.316406	90142.882812	-45909.945312	106799.453125	-7905.970703	-54304.250000	16119.473633	37669.066406	66121.742188	
14653.148438	76743.187500	-79837.890625	-54182.246094	-74867.468750	-23303.625000	49853.878906	119449.562500	-16329.244141	-57856.449219	-34942.996094	-30048.429688	81350.500000	-37071.445312	-32502.646484	-4700.742188	-25785.314453	63930.015625	128634.820312	6227.033691	
121753.914062	-13165.044922	55702.312500	-636.533203	-18485.988281	-2830.585938	130016.195312	37806.515625	-17855.871094	-27583.810547	-7434.433594	48759.898438	-176176.906250	-53755.148438	-40039.355469	-31573.503906	16224.470703	36565.156250	-20177.052734	-95889.242188	
28889.691406	2641.788574	-8279.005859	-6190.625000	2045.440796	-69838.562500	-84346.632812	74306.984375	18504.330078	-66280.476562	-45108.687500	-110646.023438	40190.929688	6817.115234	6153.235352	91759.875000	-17010.687500	72741.460938	-12551.044922	-33239.699219	
-51455.054688	-23783.214844	168632.000000	44322.164062	13604.724609	-11066.874023	63260.640625	-59096.625000	39847.531250	25641.425781	63153.062500	47234.664062	-30936.277344	109582.656250	-63083.781250	31237.246094	-36114.320312	64388.714844	-41347.078125	-90756.085938	
70117.781250	-83764.070312	138216.718750	33578.093750	-56146.437500	5203.853516	28182.902344	78587.843750	2819.120605	40894.457031	-109399.710938	-11874.520508	30413.425781	-2583.307617	105.675659	75519.375000	-8705.350586	41714.828125	72892.484375	-22987.951172	
154467.343750	17507.015625	97696.671875	-12075.978516	48386.109375	73225.765625	14786.625000	65006.203125	72167.156250	76113.210938	-79937.281250	-21697.818359	35279.265625	-124715.093750	56982.078125	10338.755859	34188.082031	103096.820312	-4564.398926	28025.394531	
7147.416992	-8749.714844	51641.503906	-136148.781250	-107020.031250	86209.851562	-42199.320312	-25723.253906	42836.093750	-49947.621094	86318.453125	55422.769531	-29502.871094	75133.859375	28947.576172	-10224.314453	6781.073730	-42301.734375	-32002.378906	22934.158203	
-6954.103516	-82302.906250	98881.710938	7973.986328	-10856.709961	91416.617188	-45933.175781	-30747.812500	-119958.367188	-9303.611328	-107704.046875	42911.273438	-28564.175781	-5838.041016	46945.050781	-29971.466797	85997.289062	-24123.572266	12609.574219	18025.361328	
-120964.257812	56515.277344	57188.132812	52030.531250	-32790.054688	-49059.187500	-35321.625000	18563.871094	-39241.515625	30075.791016	-15507.943359	-78402.398438	69884.281250	21571.394531	-35793.097656	73415.742188	71844.781250	-377.626953	-91590.335938	-27957.449219	
-73880.375000	-119835.687500	88457.710938	-77641.562500	22692.652344	-60757.210938	-67144.312500	-2167.529297	-47681.988281	69701.656250	-59973.613281	-130176.476562	-72510.195312	-73160.523438	-49553.378906	-82954.226562	-67868.960938	31709.662109	-54139.515625	14080.821289	
19991.527344	-50938.656250	-78477.726562	69540.554688	46342.261719	118209.085938	-49777.863281	-64953.867188	88351.210938	-34468.839844	-5256.037598	-32779.851562	-64054.320312	-34302.921875	-87724.164062	-59128.699219	133041.062500	11057.255859	44219.542969	10345.294922	
68650.843750	-12059.121094	-142041.750000	113497.507812	-42614.058594	-60414.011719	39183.683594	89333.484375	17593.242188	92774.578125	54554.593750	-46647.687500	-41513.542969	3928.947266	37008.722656	64259.566406	19877.351562	-17647.449219	8559.768555	-6863.352051	
